parallel_CALPUFF/qaterr.grd
DSAA
         273         273
   -495.1320    592.8680
   -492.9100    595.0900
 -0.7430E+02  0.3834E+04
[rows 125 to 149 of 273, columns 114 to 170 of 273]
5.3400E+01 4.3700E+01 3.6800E+01 3.1500E+01 3.0000E+01 3.1800E+01 3.6300E+01 3.9500E+01 3.6300E+01 4.5600E+01 4.7800E+01 5.0200E+01 5.4500E+01 5.6300E+01 5.8800E+01 6.8300E+01 7.7500E+01 8.5700E+01 8.8100E+01 8.9800E+01 9.7400E+01 1.1300E+02 1.1840E+02 1.4040E+02 1.8220E+02 2.0160E+02 2.0270E+02 2.5770E+02 2.9910E+02 3.3640E+02 3.8490E+02 5.4140E+02 6.1140E+02 1.0367E+03 1.2114E+03 1.4621E+03 1.4140E+03 1.2504E+03 1.7680E+03 1.8040E+03 2.1486E+03 2.4463E+03 2.5529E+03 2.3146E+03 2.5731E+03 3.0027E+03 2.9278E+03 3.0938E+03 3.3898E+03 3.1161E+03 3.2251E+03 2.9510E+03 3.0776E+03 3.3427E+03 3.6399E+03 3.4303E+03 2.2253E+03
3.1500E+01 3.2200E+01 3.1000E+01 3.0000E+01 3.0000E+01 3.0800E+01 3.2600E+01 3.3600E+01 3.0900E+01 4.3500E+01 4.6200E+01 5.0600E+01 5.7400E+01 6.0600E+01 6.4300E+01 7.0600E+01 7.9000E+01 8.8200E+01 9.0500E+01 9.1000E+01 1.0750E+02 1.2280E+02 1.3870E+02 1.5490E+02 2.6840E+02 3.0600E+02 3.4370E+02 3.3270E+02 2.9990E+02 4.8890E+02 4.6250E+02 6.0590E+02 7.5250E+02 1.2495E+03 1.1390E+03 1.5880E+03 1.6663E+03 1.7338E+03 2.0722E+03 2.0144E+03 2.4763E+03 2.7253E+03 2.7749E+03 2.5046E+03 2.4472E+03 2.6267E+03 2.9815E+03 3.3370E+03 3.4954E+03 3.5196E+03 3.5893E+03 3.0520E+03 3.4138E+03 3.6122E+03 3.6839E+03 3.1893E+03 2.1088E+03
2.8800E+01 2.7900E+01 2.9000E+01 2.9300E+01 2.9300E+01 2.9600E+01 3.0100E+01 3.0000E+01 3.2400E+01 4.1700E+01 4.5600E+01 5.1200E+01 5.8200E+01 6.1000E+01 6.8300E+01 7.3200E+01 8.1800E+01 8.9400E+01 9.3000E+01 9.9800E+01 1.1700E+02 1.6390E+02 1.8740E+02 1.8130E+02 3.2810E+02 4.2870E+02 4.2010E+02 4.3400E+02 4.1340E+02 6.2450E+02 4.6640E+02 5.0690E+02 5.5700E+02 9.3500E+02 9.4810E+02 1.6357E+03 1.6598E+03 1.8959E+03 2.2432E+03 2.2624E+03 2.5516E+03 2.8459E+03 2.5993E+03 2.6310E+03 2.6538E+03 2.8265E+03 3.1695E+03 3.3214E+03 3.5256E+03 3.6434E+03 3.4834E+03 3.4016E+03 3.6581E+03 3.5519E+03 3.0617E+03 2.6448E+03 1.9956E+03
2.8500E+01 2.7100E+01 2.7400E+01 2.8500E+01 2.8800E+01 2.9400E+01 2.9200E+01 3.0200E+01 3.4800E+01 4.0800E+01 4.5200E+01 5.2400E+01 5.8500E+01 6.0200E+01 6.9800E+01 7.6900E+01 8.4500E+01 9.0200E+01 9.8600E+01 1.1750E+02 1.5540E+02 2.0850E+02 2.1610E+02 2.5420E+02 2.8400E+02 3.6500E+02 4.0410E+02 5.3970E+02 5.2680E+02 6.0240E+02 6.9400E+02 5.2620E+02 6.6280E+02 6.9650E+02 9.0010E+02 1.4547E+03 1.7838E+03 2.0685E+03 2.2866E+03 2.5071E+03 2.7485E+03 2.8769E+03 2.7298E+03 2.7380E+03 2.7874E+03 3.0538E+03 3.2914E+03 3.2741E+03 3.4093E+03 3.6136E+03 3.6439E+03 3.5480E+03 3.5183E+03 3.4863E+03 3.0057E+03 2.4474E+03 1.7868E+03
2.6800E+01 2.5800E+01 2.6200E+01 2.7100E+01 2.7000E+01 2.8700E+01 2.9800E+01 3.0900E+01 3.6500E+01 4.2200E+01 4.6800E+01 5.3800E+01 5.8500E+01 6.0800E+01 7.1300E+01 8.0500E+01 8.7400E+01 9.3300E+01 1.1470E+02 1.6390E+02 1.6880E+02 1.9880E+02 2.5610E+02 3.0790E+02 4.5640E+02 3.8360E+02 4.9980E+02 6.3730E+02 7.0100E+02 5.3730E+02 7.4670E+02 7.8200E+02 9.1030E+02 1.2243E+03 1.1794E+03 9.6120E+02 1.3463E+03 1.7558E+03 2.2866E+03 2.5730E+03 2.7607E+03 2.8050E+03 2.9181E+03 2.8931E+03 3.0895E+03 3.0471E+03 3.1485E+03 3.0349E+03 3.3423E+03 3.7331E+03 3.3127E+03 3.3274E+03 3.2943E+03 3.2866E+03 3.0898E+03 2.5489E+03 1.7286E+03
2.5000E+01 2.4700E+01 2.5900E+01 2.7200E+01 2.7200E+01 2.7600E+01 2.9800E+01 3.3000E+01 3.8600E+01 4.4600E+01 4.9800E+01 5.5600E+01 5.8700E+01 6.6400E+01 7.5400E+01 8.6800E+01 9.0400E+01 1.0420E+02 1.3400E+02 2.0770E+02 2.4330E+02 2.2550E+02 2.8090E+02 3.4960E+02 4.6100E+02 4.3410E+02 5.4770E+02 7.1260E+02 8.1480E+02 8.2300E+02 9.2030E+02 8.8840E+02 1.1870E+03 1.6884E+03 1.5028E+03 1.0868E+03 1.8903E+03 2.2067E+03 2.1934E+03 2.3622E+03 2.6020E+03 2.7900E+03 2.9481E+03 2.5977E+03 2.6341E+03 2.6411E+03 2.9699E+03 3.4962E+03 3.5115E+03 3.6120E+03 3.2068E+03 2.9401E+03 3.1475E+03 3.0713E+03 3.0054E+03 1.9748E+03 1.3173E+03
2.2300E+01 2.4500E+01 2.7000E+01 2.7300E+01 2.8500E+01 2.9800E+01 3.1300E+01 3.7800E+01 4.1300E+01 4.7000E+01 5.2900E+01 5.7600E+01 6.0600E+01 7.4700E+01 8.0800E+01 8.8900E+01 9.8500E+01 1.2420E+02 1.8120E+02 2.4910E+02 3.0850E+02 3.0660E+02 2.6200E+02 3.0510E+02 4.8410E+02 5.1070E+02 6.3460E+02 8.1840E+02 9.5760E+02 1.0785E+03 1.1486E+03 9.7820E+02 1.6101E+03 1.8744E+03 1.5985E+03 1.1703E+03 2.1325E+03 2.5773E+03 2.6697E+03 2.5850E+03 2.7272E+03 2.9316E+03 2.8257E+03 2.4038E+03 3.0273E+03 3.2325E+03 3.3221E+03 3.1689E+03 3.4252E+03 3.6799E+03 3.0999E+03 2.5018E+03 2.7896E+03 2.8181E+03 2.5810E+03 1.8556E+03 1.2369E+03
2.0400E+01 2.3600E+01 2.7700E+01 2.8600E+01 2.8800E+01 3.0200E+01 3.2900E+01 4.2800E+01 4.5200E+01 5.1100E+01 5.5700E+01 5.8300E+01 6.3300E+01 8.4300E+01 8.5900E+01 9.0600E+01 1.1320E+02 1.6060E+02 1.8750E+02 2.8510E+02 3.4950E+02 3.5230E+02 3.6400E+02 3.6300E+02 3.8360E+02 5.8030E+02 7.0780E+02 9.9130E+02 8.1970E+02 9.2900E+02 1.1409E+03 1.3250E+03 1.7500E+03 1.9725E+03 1.6214E+03 1.2240E+03 1.8377E+03 2.3337E+03 2.7408E+03 2.5693E+03 2.6074E+03 2.4212E+03 2.2809E+03 2.3779E+03 3.2103E+03 3.2474E+03 3.5201E+03 3.4791E+03 3.4475E+03 3.5915E+03 2.8324E+03 2.2475E+03 2.0609E+03 2.0318E+03 2.0226E+03 1.4777E+03 1.2412E+03
2.2000E+01 2.5300E+01 2.8900E+01 2.9400E+01 3.3400E+01 3.2000E+01 3.3800E+01 4.8300E+01 5.2400E+01 5.7100E+01 5.8900E+01 6.2500E+01 7.5700E+01 9.0000E+01 9.0200E+01 9.7900E+01 1.3550E+02 1.8950E+02 2.4210E+02 3.0500E+02 4.2850E+02 5.0790E+02 4.8510E+02 4.3300E+02 4.0230E+02 5.3850E+02 6.9240E+02 6.9080E+02 7.8940E+02 1.0288E+03 1.2749E+03 1.6760E+03 1.8298E+03 2.1190E+03 1.4771E+03 1.1350E+03 1.3837E+03 1.7943E+03 2.1987E+03 2.3494E+03 2.1292E+03 2.0660E+03 2.2136E+03 2.6007E+03 3.1477E+03 3.0800E+03 3.4763E+03 3.5870E+03 3.3265E+03 3.3326E+03 2.7770E+03 1.9427E+03 1.7643E+03 1.5854E+03 1.4138E+03 1.2962E+03 1.2508E+03
1.9300E+01 2.1200E+01 2.7400E+01 2.9800E+01 3.1600E+01 3.1000E+01 3.3800E+01 5.2600E+01 5.9500E+01 6.2600E+01 6.2600E+01 7.6900E+01 1.0950E+02 1.0390E+02 1.0470E+02 1.2290E+02 1.8500E+02 2.3980E+02 3.1790E+02 3.7700E+02 4.6260E+02 5.9100E+02 5.8980E+02 5.2600E+02 5.9120E+02 6.7100E+02 8.1130E+02 8.7720E+02 1.0606E+03 1.1723E+03 1.6239E+03 1.9955E+03 2.1922E+03 1.7815E+03 1.4325E+03 1.3750E+03 1.2490E+03 1.8775E+03 2.2597E+03 2.0954E+03 2.1510E+03 2.3621E+03 2.3825E+03 2.5429E+03 2.9009E+03 3.3768E+03 3.5726E+03 3.6630E+03 3.2646E+03 2.6488E+03 2.2813E+03 1.6045E+03 1.5822E+03 1.4031E+03 1.3223E+03 1.2783E+03 1.2612E+03
1.9900E+01 2.1700E+01 2.4600E+01 2.8400E+01 3.3100E+01 3.1700E+01 3.3500E+01 4.8500E+01 5.9600E+01 6.7300E+01 8.6600E+01 1.1900E+02 1.4820E+02 1.3000E+02 1.2760E+02 1.5490E+02 2.8360E+02 3.2040E+02 4.0680E+02 5.3800E+02 6.2960E+02 4.8240E+02 6.2920E+02 5.9960E+02 7.0580E+02 7.7440E+02 9.6930E+02 1.2844E+03 1.3006E+03 1.5258E+03 1.6782E+03 2.0716E+03 2.2017E+03 1.8473E+03 1.5618E+03 1.6865E+03 1.6186E+03 1.7423E+03 2.0119E+03 1.9737E+03 2.3794E+03 2.8685E+03 2.6946E+03 2.7305E+03 2.7894E+03 2.9568E+03 3.4275E+03 3.4797E+03 3.6585E+03 2.8590E+03 1.6907E+03 1.4367E+03 1.3872E+03 1.3736E+03 1.3230E+03 1.2792E+03 1.2717E+03
2.0300E+01 2.1500E+01 2.7100E+01 3.6500E+01 4.6700E+01 4.5700E+01 5.2200E+01 5.9200E+01 5.9500E+01 6.0200E+01 7.3800E+01 1.0120E+02 1.6350E+02 1.7640E+02 1.5850E+02 2.2190E+02 3.3350E+02 3.2510E+02 4.0350E+02 6.5200E+02 5.9330E+02 6.2510E+02 6.9770E+02 7.0840E+02 8.3590E+02 9.1020E+02 9.7730E+02 1.4950E+03 1.5587E+03 1.7438E+03 1.9991E+03 2.3280E+03 2.1183E+03 2.0092E+03 1.7778E+03 2.0566E+03 2.0289E+03 1.4972E+03 1.7532E+03 2.2344E+03 2.7228E+03 3.0821E+03 3.1823E+03 3.1336E+03 3.2139E+03 3.2963E+03 3.1726E+03 3.3627E+03 3.1494E+03 3.0870E+03 1.6109E+03 1.4199E+03 1.4776E+03 1.4728E+03 1.3885E+03 1.3095E+03 1.2823E+03
1.9500E+01 2.1300E+01 2.8900E+01 3.6800E+01 4.9100E+01 5.9000E+01 5.9800E+01 6.1100E+01 6.1000E+01 6.0600E+01 7.3600E+01 9.1400E+01 1.0620E+02 1.2640E+02 1.5770E+02 2.7840E+02 3.2930E+02 4.1650E+02 5.2660E+02 6.4590E+02 7.2760E+02 7.3790E+02 8.8340E+02 8.1090E+02 9.4410E+02 1.2167E+03 1.4676E+03 1.6014E+03 1.6034E+03 1.8373E+03 2.3364E+03 2.5033E+03 2.4660E+03 2.1940E+03 2.1483E+03 2.1773E+03 2.1071E+03 1.8005E+03 1.8476E+03 2.4683E+03 2.6493E+03 2.9954E+03 3.0775E+03 2.9285E+03 3.2093E+03 3.4632E+03 3.4053E+03 3.3389E+03 3.0212E+03 3.0250E+03 1.7189E+03 1.5837E+03 1.5944E+03 1.4911E+03 1.3978E+03 1.3210E+03 1.3343E+03
1.9500E+01 2.6900E+01 3.0000E+01 3.2500E+01 4.2900E+01 5.8600E+01 6.1000E+01 6.9100E+01 7.7000E+01 6.8800E+01 8.2100E+01 9.0900E+01 1.0970E+02 1.2930E+02 2.0300E+02 2.9380E+02 3.7450E+02 6.3010E+02 6.5900E+02 9.2080E+02 9.9940E+02 9.6030E+02 9.0800E+02 1.0762E+03 1.1528E+03 1.2860E+03 1.7221E+03 1.4395E+03 1.3310E+03 1.6533E+03 1.9412E+03 2.2415E+03 2.3781E+03 2.5501E+03 2.7807E+03 2.4040E+03 2.1699E+03 2.1834E+03 1.7407E+03 2.0268E+03 2.2690E+03 2.5575E+03 2.7798E+03 3.1411E+03 3.4119E+03 3.3573E+03 3.1887E+03 3.1536E+03 2.9038E+03 2.5458E+03 1.9773E+03 1.8297E+03 1.7123E+03 1.5757E+03 1.3798E+03 1.3184E+03 1.3750E+03
1.8600E+01 2.8800E+01 3.0000E+01 3.1000E+01 3.8100E+01 5.6800E+01 6.1000E+01 6.3500E+01 7.9800E+01 8.8300E+01 9.0200E+01 9.0800E+01 1.0570E+02 1.5010E+02 2.5330E+02 2.9250E+02 4.1590E+02 6.7170E+02 7.3540E+02 7.1900E+02 6.7100E+02 7.7890E+02 9.1600E+02 1.2123E+03 1.0935E+03 1.3054E+03 1.6065E+03 1.3733E+03 1.9104E+03 2.1901E+03 2.4406E+03 2.6177E+03 2.5296E+03 2.6987E+03 2.8349E+03 2.5371E+03 2.4439E+03 2.2323E+03 2.2768E+03 2.4216E+03 2.2656E+03 2.8177E+03 3.1876E+03 3.2660E+03 3.2814E+03 3.0689E+03 2.7760E+03 2.3292E+03 2.2515E+03 2.1951E+03 2.1355E+03 2.0476E+03 1.9409E+03 1.6404E+03 1.4147E+03 1.3391E+03 1.5253E+03
2.4600E+01 3.0000E+01 3.0000E+01 3.0800E+01 3.2700E+01 5.0600E+01 6.0900E+01 6.1300E+01 6.7800E+01 7.6600E+01 9.1400E+01 1.2080E+02 1.5920E+02 2.0820E+02 3.3910E+02 3.2320E+02 5.7090E+02 5.5460E+02 4.5320E+02 5.3190E+02 6.2990E+02 6.4200E+02 9.0910E+02 1.1167E+03 8.7530E+02 1.0606E+03 1.1871E+03 1.5296E+03 1.9486E+03 2.3358E+03 2.5433E+03 2.6930E+03 2.7837E+03 2.8379E+03 3.0022E+03 2.8940E+03 2.6745E+03 2.3267E+03 2.7901E+03 2.7568E+03 2.3323E+03 2.7992E+03 2.7968E+03 2.8224E+03 2.7948E+03 2.3892E+03 2.3056E+03 2.0743E+03 2.1021E+03 2.2133E+03 2.1965E+03 2.1600E+03 2.0522E+03 1.6553E+03 1.4237E+03 1.3994E+03 1.7877E+03
2.7700E+01 3.0000E+01 3.0500E+01 3.4200E+01 4.4300E+01 5.8700E+01 6.2400E+01 6.9100E+01 7.3600E+01 7.6300E+01 7.9500E+01 1.4940E+02 2.0910E+02 3.1500E+02 2.9770E+02 3.8350E+02 4.9730E+02 5.2490E+02 8.1180E+02 6.2240E+02 7.6330E+02 8.8200E+02 7.4910E+02 7.0680E+02 9.1350E+02 1.2452E+03 1.5458E+03 1.8860E+03 2.1840E+03 2.2111E+03 2.3762E+03 2.3788E+03 2.6068E+03 3.1475E+03 3.1009E+03 3.0571E+03 2.9335E+03 2.6065E+03 3.1259E+03 2.8785E+03 2.4676E+03 2.8790E+03 2.5506E+03 2.3577E+03 2.2390E+03 2.1984E+03 2.1451E+03 2.0758E+03 2.1263E+03 2.2732E+03 2.2486E+03 2.1214E+03 2.0044E+03 1.7154E+03 1.4687E+03 1.4081E+03 1.8869E+03
2.8900E+01 3.2200E+01 4.1900E+01 4.6800E+01 5.7900E+01 6.0700E+01 6.3800E+01 7.7500E+01 8.8200E+01 9.2700E+01 1.1350E+02 1.8300E+02 2.7180E+02 2.9000E+02 3.8660E+02 3.2860E+02 4.9930E+02 7.8430E+02 8.6900E+02 8.0190E+02 7.7280E+02 9.1030E+02 9.3300E+02 9.7650E+02 9.9170E+02 9.3330E+02 1.1454E+03 1.8740E+03 2.1916E+03 2.2073E+03 2.1082E+03 2.2208E+03 2.5552E+03 3.1143E+03 2.8445E+03 3.0320E+03 3.2120E+03 3.0739E+03 3.2343E+03 2.9523E+03 2.6908E+03 2.6766E+03 2.5510E+03 2.3954E+03 2.3333E+03 2.2191E+03 2.1238E+03 2.0832E+03 2.1320E+03 2.3110E+03 2.3314E+03 2.2422E+03 2.1042E+03 1.7388E+03 1.4738E+03 1.4293E+03 2.0304E+03
3.0000E+01 3.1100E+01 4.3600E+01 5.9500E+01 6.0900E+01 6.2000E+01 7.2700E+01 7.6800E+01 7.6100E+01 9.3900E+01 1.6490E+02 2.7710E+02 2.4310E+02 3.2860E+02 4.9950E+02 5.9640E+02 5.7970E+02 8.2700E+02 9.5820E+02 8.9830E+02 8.6880E+02 1.0100E+03 1.1112E+03 1.3348E+03 1.5402E+03 1.5667E+03 1.5116E+03 1.6276E+03 1.6942E+03 1.8830E+03 1.8824E+03 2.2182E+03 2.6685E+03 2.8063E+03 2.6927E+03 3.0960E+03 3.4463E+03 3.3310E+03 3.0706E+03 2.9507E+03 3.0101E+03 2.6306E+03 2.3786E+03 2.3438E+03 2.3227E+03 2.1925E+03 2.1227E+03 2.1091E+03 2.1505E+03 2.4987E+03 2.4495E+03 2.3501E+03 1.9658E+03 1.6987E+03 1.4610E+03 1.5427E+03 2.4427E+03
3.0800E+01 3.0400E+01 3.6200E+01 5.9000E+01 6.1000E+01 7.3700E+01 1.0940E+02 1.1050E+02 1.1710E+02 1.5530E+02 2.7220E+02 3.2280E+02 2.8150E+02 3.3130E+02 6.3130E+02 6.2540E+02 8.1660E+02 9.9340E+02 9.8630E+02 8.7970E+02 9.6020E+02 1.2047E+03 1.4185E+03 1.4706E+03 1.7861E+03 1.9494E+03 2.0202E+03 2.2148E+03 2.4224E+03 1.9410E+03 1.8531E+03 2.2636E+03 2.4025E+03 2.5412E+03 2.9256E+03 3.3992E+03 3.4697E+03 3.1790E+03 3.0591E+03 2.8616E+03 2.7774E+03 2.7446E+03 2.3840E+03 2.2776E+03 2.2079E+03 2.1578E+03 2.1563E+03 2.2318E+03 2.6062E+03 2.8729E+03 2.4886E+03 2.3011E+03 1.9457E+03 1.8188E+03 1.5625E+03 1.9261E+03 3.1626E+03
3.6900E+01 4.5300E+01 5.6300E+01 6.3600E+01 7.0200E+01 7.5100E+01 9.8000E+01 1.4980E+02 2.3460E+02 2.8980E+02 3.3960E+02 3.2720E+02 3.1430E+02 4.9700E+02 5.0380E+02 7.4070E+02 9.9330E+02 1.0345E+03 9.9680E+02 9.7790E+02 1.1281E+03 1.3095E+03 1.3199E+03 1.5021E+03 1.4969E+03 1.7467E+03 2.0124E+03 2.3442E+03 2.5159E+03 2.2860E+03 2.3709E+03 2.3602E+03 2.7599E+03 2.7949E+03 3.0609E+03 3.3162E+03 3.1304E+03 3.3931E+03 3.3985E+03 2.5702E+03 2.4861E+03 2.5331E+03 2.4647E+03 2.4244E+03 2.5594E+03 2.5943E+03 2.7929E+03 2.8419E+03 2.9023E+03 2.6726E+03 2.4338E+03 2.0545E+03 1.8471E+03 1.8135E+03 1.7823E+03 2.6879E+03 3.8336E+03
4.0700E+01 5.2500E+01 6.1500E+01 7.2100E+01 8.7000E+01 9.0100E+01 9.8200E+01 1.8050E+02 2.9430E+02 3.1350E+02 3.7030E+02 3.4590E+02 3.5910E+02 3.6640E+02 5.7750E+02 8.8680E+02 9.0150E+02 9.0330E+02 8.1430E+02 7.5310E+02 8.6350E+02 1.1028E+03 1.3275E+03 1.3936E+03 1.4853E+03 1.8393E+03 2.0901E+03 2.3967E+03 2.5583E+03 2.3242E+03 2.6756E+03 2.7315E+03 2.6797E+03 3.0444E+03 3.1318E+03 3.0565E+03 3.0667E+03 3.5292E+03 3.2613E+03 2.5142E+03 2.3380E+03 2.3460E+03 2.4389E+03 2.4798E+03 2.6466E+03 2.7296E+03 2.6294E+03 2.6374E+03 2.4320E+03 2.3604E+03 2.3825E+03 2.0176E+03 1.7549E+03 1.6693E+03 1.9726E+03 3.0427E+03 3.5341E+03
4.7000E+01 5.9100E+01 6.1800E+01 6.7400E+01 7.9700E+01 1.1980E+02 2.1130E+02 2.2380E+02 2.7930E+02 2.9160E+02 3.8740E+02 3.7420E+02 3.9110E+02 4.5140E+02 5.1060E+02 6.9370E+02 7.9050E+02 7.5040E+02 8.2120E+02 9.0880E+02 9.0560E+02 1.0360E+03 1.1438E+03 1.2985E+03 1.5643E+03 1.9316E+03 2.0646E+03 2.2720E+03 2.4443E+03 2.5669E+03 2.6254E+03 2.9862E+03 2.7155E+03 2.7753E+03 2.7622E+03 2.7760E+03 3.0966E+03 3.3370E+03 2.9193E+03 2.3140E+03 2.1805E+03 2.2795E+03 2.4588E+03 2.3897E+03 2.5057E+03 2.6141E+03 2.3825E+03 2.2313E+03 2.2057E+03 2.1836E+03 2.1361E+03 2.0702E+03 1.7370E+03 1.6925E+03 2.0360E+03 3.0321E+03 3.3292E+03
4.9600E+01 6.0000E+01 6.1000E+01 5.6900E+01 1.0700E+02 2.3550E+02 3.5120E+02 2.3750E+02 2.1760E+02 3.0430E+02 4.0180E+02 3.7710E+02 4.4020E+02 5.1770E+02 6.0450E+02 5.3400E+02 6.6880E+02 9.4280E+02 1.1596E+03 1.1125E+03 1.1529E+03 1.0858E+03 1.1611E+03 1.3716E+03 1.3694E+03 1.7489E+03 2.0833E+03 2.1430E+03 1.9957E+03 2.4760E+03 2.6948E+03 2.6876E+03 2.5617E+03 2.6201E+03 2.8415E+03 2.9499E+03 3.0634E+03 3.4866E+03 2.9256E+03 2.2734E+03 2.0915E+03 2.2195E+03 2.2041E+03 2.2397E+03 2.4125E+03 2.4573E+03 2.2903E+03 2.1917E+03 2.0653E+03 2.0488E+03 1.9983E+03 2.0506E+03 1.7793E+03 1.7170E+03 1.9119E+03 2.4502E+03 2.8293E+03
5.3700E+01 6.1400E+01 6.0900E+01 8.1200E+01 1.4710E+02 3.0890E+02 2.8940E+02 2.3990E+02 3.3840E+02 3.1810E+02 3.4450E+02 4.6230E+02 4.9000E+02 5.7930E+02 7.3200E+02 7.8020E+02 8.6740E+02 1.0942E+03 1.3511E+03 1.2590E+03 1.3184E+03 1.5232E+03 1.4858E+03 1.4298E+03 1.5171E+03 1.4587E+03 1.6404E+03 1.5792E+03 2.1451E+03 1.6808E+03 1.9648E+03 2.2203E+03 2.5041E+03 2.7747E+03 2.9265E+03 3.2653E+03 3.1723E+03 3.0231E+03 2.6144E+03 2.2805E+03 2.0217E+03 2.0072E+03 2.0007E+03 2.0747E+03 2.2492E+03 2.4509E+03 2.3925E+03 2.2428E+03 2.0327E+03 1.9870E+03 1.9889E+03 2.0873E+03 2.0730E+03 1.9233E+03 1.8890E+03 1.9856E+03 2.4019E+03
