parallel_CALPUFF/qaterr.grd
DSAA
         273         273
   -495.1320    592.8680
   -492.9100    595.0900
 -0.7430E+02  0.3834E+04
[rows 100 to 124 of 273, columns 171 to 227 of 273]
2.1416E+03 2.3802E+03 2.5285E+03 2.5895E+03 2.5961E+03 2.2834E+03 2.5036E+03 2.0059E+03 1.2608E+03 1.2397E+03 1.5712E+03 1.5374E+03 1.5960E+03 1.4637E+03 1.6217E+03 1.8209E+03 1.8106E+03 1.7500E+03 1.7654E+03 2.1684E+03 1.6087E+03 8.9090E+02 5.5160E+02 3.8050E+02 3.1830E+02 4.7540E+02 1.3031E+03 1.9421E+03 2.3765E+03 1.6974E+03 1.2003E+03 6.5620E+02 2.1610E+02 -3.1500E+01 -6.5100E+01 -3.3700E+01 5.0370E+02 1.1490E+03 1.4163E+03 1.1956E+03 1.0014E+03 9.0140E+02 9.8920E+02 1.0424E+03 7.8490E+02 5.6850E+02 8.6600E+02 8.2770E+02 7.0190E+02 9.8840E+02 1.2347E+03 8.2480E+02 7.7440E+02 8.0850E+02 8.4980E+02 8.8760E+02 9.2250E+02
2.0374E+03 2.5959E+03 2.5701E+03 2.5572E+03 2.5058E+03 2.5381E+03 2.4612E+03 1.7271E+03 1.2637E+03 1.2759E+03 1.5903E+03 1.6460E+03 1.7866E+03 1.8177E+03 1.9930E+03 1.8908E+03 1.7738E+03 1.5305E+03 1.6945E+03 2.2108E+03 1.4951E+03 7.9710E+02 4.6820E+02 3.5260E+02 3.1980E+02 5.4620E+02 1.4237E+03 2.1107E+03 2.3813E+03 1.6910E+03 9.7380E+02 4.6550E+02 1.5020E+02 -4.9900E+01 -6.6300E+01 -4.3200E+01 8.0080E+02 1.4337E+03 1.6386E+03 1.2628E+03 1.1852E+03 1.1096E+03 1.0715E+03 1.1567E+03 7.4870E+02 5.8690E+02 8.8760E+02 8.5770E+02 9.3470E+02 1.2286E+03 8.7700E+02 7.6540E+02 7.8230E+02 8.2580E+02 8.6730E+02 9.2090E+02 9.8610E+02
2.0700E+03 2.6787E+03 2.6852E+03 2.5320E+03 2.4440E+03 2.5086E+03 2.6112E+03 1.6820E+03 1.2306E+03 1.2793E+03 1.4409E+03 1.7036E+03 2.0726E+03 2.1163E+03 2.2171E+03 1.9119E+03 1.7188E+03 1.5040E+03 1.4936E+03 2.0531E+03 1.2040E+03 6.6580E+02 4.7900E+02 3.8890E+02 4.0310E+02 6.0390E+02 1.6520E+03 2.3252E+03 2.5772E+03 1.6902E+03 1.0933E+03 3.7830E+02 5.0400E+01 -6.1200E+01 -6.4100E+01 2.1870E+02 7.7870E+02 1.5534E+03 1.5652E+03 1.2665E+03 1.3142E+03 1.2113E+03 9.3410E+02 1.0545E+03 7.2050E+02 5.9100E+02 8.2300E+02 1.0138E+03 1.0654E+03 8.9370E+02 7.6600E+02 7.7140E+02 7.9000E+02 8.3230E+02 8.7270E+02 9.7920E+02 1.0941E+03
1.9475E+03 2.3117E+03 2.6507E+03 2.5041E+03 2.5073E+03 2.8014E+03 2.0695E+03 1.4502E+03 1.1950E+03 1.3031E+03 1.4836E+03 1.9584E+03 2.1790E+03 2.1487E+03 2.2103E+03 1.7771E+03 1.5378E+03 1.3582E+03 1.5125E+03 1.7733E+03 1.0819E+03 6.6830E+02 5.1260E+02 5.2330E+02 6.2630E+02 1.0461E+03 1.6981E+03 2.3593E+03 2.2537E+03 1.3359E+03 8.6480E+02 2.7630E+02 -1.1600E+01 -6.4900E+01 -6.5800E+01 5.2810E+02 1.0915E+03 1.5380E+03 1.3162E+03 1.1749E+03 1.2088E+03 9.7720E+02 8.1470E+02 6.9800E+02 6.2130E+02 6.4670E+02 9.2140E+02 1.2016E+03 8.3940E+02 7.5910E+02 7.6720E+02 7.8190E+02 8.0700E+02 8.4290E+02 8.9240E+02 1.0741E+03 1.2518E+03
2.4688E+03 2.6178E+03 2.8737E+03 2.6833E+03 2.7848E+03 3.0142E+03 1.8903E+03 1.2283E+03 1.1430E+03 1.3301E+03 1.6058E+03 2.0651E+03 2.1351E+03 1.9438E+03 1.8024E+03 1.7284E+03 1.4982E+03 1.3428E+03 1.4794E+03 1.6346E+03 8.9910E+02 6.2700E+02 5.3650E+02 6.4070E+02 8.2300E+02 1.4648E+03 1.8017E+03 2.1373E+03 2.3514E+03 1.6815E+03 8.2050E+02 2.3830E+02 -2.7300E+01 -6.8100E+01 -6.2100E+01 8.6770E+02 1.3996E+03 1.2425E+03 1.1865E+03 1.1240E+03 1.0712E+03 8.5370E+02 7.1370E+02 6.4900E+02 6.8280E+02 7.8800E+02 1.0812E+03 1.0072E+03 7.4630E+02 7.8610E+02 7.7320E+02 7.8830E+02 8.2510E+02 8.8520E+02 9.8350E+02 1.2422E+03 1.4504E+03
2.8993E+03 3.0916E+03 2.9410E+03 2.6535E+03 2.7006E+03 2.8781E+03 1.8677E+03 1.1350E+03 1.1151E+03 1.2207E+03 1.4951E+03 1.9550E+03 1.8606E+03 1.5710E+03 1.5932E+03 1.7208E+03 1.5693E+03 1.3118E+03 1.2727E+03 1.3706E+03 7.9070E+02 5.4360E+02 5.2420E+02 7.9160E+02 1.2292E+03 1.3674E+03 1.5186E+03 2.0309E+03 2.2858E+03 1.5721E+03 6.7850E+02 1.5550E+02 -6.0400E+01 -7.1500E+01 -5.9300E+01 8.7810E+02 1.2888E+03 1.0513E+03 1.1977E+03 9.8060E+02 8.4630E+02 7.2960E+02 6.4740E+02 6.3300E+02 6.5440E+02 8.6400E+02 1.0990E+03 8.1370E+02 8.0190E+02 8.1760E+02 7.7580E+02 7.9050E+02 8.6520E+02 1.0067E+03 1.2736E+03 1.5977E+03 1.6843E+03
2.7984E+03 2.8973E+03 2.7873E+03 2.6704E+03 2.7214E+03 2.9423E+03 2.0700E+03 1.1265E+03 1.0821E+03 1.1332E+03 1.3350E+03 1.5779E+03 1.4935E+03 1.4453E+03 1.5435E+03 1.6207E+03 1.6026E+03 1.3023E+03 1.0716E+03 8.8320E+02 5.5490E+02 4.8140E+02 6.2480E+02 1.0820E+03 1.6240E+03 1.6166E+03 1.6436E+03 2.0219E+03 1.6954E+03 1.4248E+03 5.2850E+02 8.5600E+01 -6.6700E+01 -6.6200E+01 1.0630E+02 1.0696E+03 1.0926E+03 1.1200E+03 1.1073E+03 8.6290E+02 7.5900E+02 6.8540E+02 6.2830E+02 6.1080E+02 6.6040E+02 9.2060E+02 1.0756E+03 7.8410E+02 9.0340E+02 8.2550E+02 7.8280E+02 7.9650E+02 9.1450E+02 1.1266E+03 1.3521E+03 1.6295E+03 1.9524E+03
2.6411E+03 2.8115E+03 2.8070E+03 2.8128E+03 2.9872E+03 2.6065E+03 2.0312E+03 1.1404E+03 1.0782E+03 1.0814E+03 1.1625E+03 1.2981E+03 1.3833E+03 1.4723E+03 1.5525E+03 1.5871E+03 1.5431E+03 1.3264E+03 9.1490E+02 6.2020E+02 4.9260E+02 5.2180E+02 7.9500E+02 1.2988E+03 1.8077E+03 1.8632E+03 1.6484E+03 1.7328E+03 1.6259E+03 1.0910E+03 4.5090E+02 4.9100E+01 -6.5200E+01 -1.6300E+01 3.5500E+02 1.0793E+03 8.5800E+02 1.0762E+03 9.9010E+02 8.6700E+02 8.3350E+02 7.0860E+02 6.2480E+02 6.2230E+02 6.6660E+02 7.9950E+02 8.0760E+02 8.1060E+02 9.1400E+02 1.0234E+03 8.1190E+02 8.1780E+02 9.4640E+02 1.1840E+03 1.5251E+03 1.7227E+03 2.0604E+03
2.9873E+03 3.0203E+03 2.9924E+03 2.9701E+03 2.9689E+03 2.6391E+03 1.7175E+03 1.1130E+03 1.0700E+03 1.0746E+03 1.0917E+03 1.1993E+03 1.4730E+03 1.8829E+03 1.7428E+03 1.5455E+03 1.4689E+03 1.3907E+03 8.6880E+02 5.1040E+02 4.8550E+02 5.4740E+02 1.0523E+03 1.4611E+03 2.0117E+03 1.8735E+03 1.5741E+03 1.5959E+03 1.4750E+03 9.0150E+02 2.2170E+02 -5.9400E+01 -6.3900E+01 8.5400E+01 5.3320E+02 6.5750E+02 7.2630E+02 9.5300E+02 1.0526E+03 1.1672E+03 1.0703E+03 7.4450E+02 6.3620E+02 6.3080E+02 6.4910E+02 7.0330E+02 7.2470E+02 8.7380E+02 9.2660E+02 1.0943E+03 9.0560E+02 9.1130E+02 1.1172E+03 1.4317E+03 2.0465E+03 1.9760E+03 2.2450E+03
3.3516E+03 3.1816E+03 3.1975E+03 3.2223E+03 3.0725E+03 2.4258E+03 1.5706E+03 1.0988E+03 1.0712E+03 1.0727E+03 1.0796E+03 1.1365E+03 1.5563E+03 2.1518E+03 1.7911E+03 1.6077E+03 1.5694E+03 1.4055E+03 9.5000E+02 5.6650E+02 5.0410E+02 1.0735E+03 1.8131E+03 1.6394E+03 1.6566E+03 1.4873E+03 1.6550E+03 1.6253E+03 9.2010E+02 4.5140E+02 1.1190E+02 -6.0700E+01 -6.2800E+01 1.7530E+02 3.9050E+02 5.2000E+02 8.1100E+02 1.2086E+03 1.4573E+03 1.1943E+03 7.9710E+02 6.9630E+02 6.4720E+02 6.3980E+02 6.5380E+02 6.8440E+02 8.0940E+02 9.5450E+02 9.9610E+02 1.0629E+03 9.3190E+02 1.0660E+03 1.3246E+03 1.8082E+03 2.2823E+03 2.0769E+03 2.3636E+03
3.1638E+03 3.2918E+03 3.5648E+03 3.2779E+03 3.0129E+03 2.3492E+03 1.4234E+03 1.0820E+03 1.0713E+03 1.0761E+03 1.0934E+03 1.2778E+03 1.7360E+03 2.0848E+03 1.8104E+03 1.6828E+03 1.6245E+03 1.5000E+03 9.9680E+02 7.8770E+02 7.2150E+02 1.4578E+03 1.7661E+03 1.4437E+03 1.0749E+03 1.1694E+03 1.5246E+03 1.5518E+03 8.0520E+02 3.1400E+02 7.4000E+01 -5.8600E+01 -4.9000E+01 1.6800E+02 4.0310E+02 8.3790E+02 1.1851E+03 1.2256E+03 1.2285E+03 8.0040E+02 6.9820E+02 6.7430E+02 6.6630E+02 6.5270E+02 6.7720E+02 7.5330E+02 8.9150E+02 7.9920E+02 8.9510E+02 1.1033E+03 1.0367E+03 1.2662E+03 1.6317E+03 2.2027E+03 2.2375E+03 2.2533E+03 2.3627E+03
3.4216E+03 3.6392E+03 3.7143E+03 3.4241E+03 2.5451E+03 1.6711E+03 1.2844E+03 1.0911E+03 1.0888E+03 1.0990E+03 1.2365E+03 1.5836E+03 2.1739E+03 2.1136E+03 1.8843E+03 1.7114E+03 1.7957E+03 1.7085E+03 1.3496E+03 1.3601E+03 1.4433E+03 1.3305E+03 1.4573E+03 9.6650E+02 7.2600E+02 9.4750E+02 1.6291E+03 1.5146E+03 1.0333E+03 3.3330E+02 -3.4800E+01 -6.5400E+01 -1.8900E+01 2.5490E+02 7.4540E+02 1.1683E+03 1.4272E+03 1.4661E+03 1.0506E+03 6.9920E+02 6.9340E+02 6.9140E+02 6.8180E+02 6.6970E+02 7.1870E+02 7.4760E+02 7.2010E+02 7.2590E+02 7.9480E+02 9.7630E+02 1.1919E+03 1.5682E+03 2.0772E+03 2.1741E+03 1.9682E+03 2.1434E+03 1.8404E+03
3.4573E+03 3.7783E+03 3.5420E+03 2.6391E+03 1.8150E+03 1.4532E+03 1.2185E+03 1.1099E+03 1.1126E+03 1.3147E+03 1.6887E+03 2.1107E+03 2.3400E+03 1.9673E+03 1.8369E+03 1.9557E+03 1.8385E+03 1.8429E+03 2.0982E+03 1.9574E+03 1.4687E+03 1.3101E+03 1.1203E+03 6.9430E+02 4.6230E+02 7.0920E+02 1.4653E+03 1.3800E+03 7.0220E+02 5.7800E+01 -6.4900E+01 -6.4800E+01 3.3000E+01 3.7420E+02 9.4080E+02 1.1452E+03 1.4062E+03 1.2712E+03 8.1560E+02 7.0340E+02 7.0530E+02 7.0300E+02 6.9660E+02 6.9750E+02 7.0320E+02 7.0790E+02 7.0830E+02 7.1670E+02 7.6340E+02 9.3620E+02 1.2608E+03 1.8660E+03 1.8316E+03 1.7319E+03 1.5664E+03 1.6088E+03 1.5294E+03
3.6022E+03 3.7817E+03 2.8418E+03 1.9553E+03 1.5864E+03 1.3481E+03 1.1387E+03 1.1286E+03 1.3525E+03 1.9938E+03 2.1860E+03 2.5488E+03 1.9082E+03 1.7419E+03 1.8142E+03 1.3799E+03 1.1853E+03 1.6598E+03 1.9823E+03 1.9021E+03 1.4913E+03 1.2005E+03 8.4620E+02 5.0900E+02 2.3990E+02 2.7620E+02 6.8310E+02 7.9440E+02 2.9140E+02 -2.0000E+01 -6.1300E+01 -5.4500E+01 4.8200E+01 3.2290E+02 7.1070E+02 1.2046E+03 1.3341E+03 1.0726E+03 7.2470E+02 7.1450E+02 7.1620E+02 7.2280E+02 7.1940E+02 7.3580E+02 7.4050E+02 7.3390E+02 7.2470E+02 7.4720E+02 7.8400E+02 9.2650E+02 1.2601E+03 1.5826E+03 1.5092E+03 1.4059E+03 1.3410E+03 1.2987E+03 1.2956E+03
3.8185E+03 3.3452E+03 2.3109E+03 1.7018E+03 1.4958E+03 1.3519E+03 1.1406E+03 1.1958E+03 1.9048E+03 2.6228E+03 2.4944E+03 1.9399E+03 1.3723E+03 1.2653E+03 9.7200E+02 7.8010E+02 1.1039E+03 1.5832E+03 1.8362E+03 1.5858E+03 1.4829E+03 1.0801E+03 7.0740E+02 3.9110E+02 8.1800E+01 3.0800E+01 4.6700E+01 8.1600E+01 2.4400E+01 -2.5000E+01 -4.0600E+01 3.9200E+01 1.8200E+02 4.8220E+02 9.5580E+02 1.0805E+03 9.6900E+02 8.0340E+02 7.2540E+02 7.2680E+02 7.3510E+02 7.4600E+02 7.5090E+02 7.6000E+02 7.8780E+02 7.7250E+02 7.7030E+02 8.1110E+02 8.4120E+02 9.3020E+02 1.1170E+03 1.2879E+03 1.2567E+03 1.2022E+03 1.1599E+03 1.1159E+03 1.1222E+03
3.6916E+03 3.2222E+03 2.0400E+03 1.5448E+03 1.3453E+03 1.2390E+03 1.1528E+03 1.4428E+03 2.4272E+03 2.5036E+03 1.7963E+03 9.0820E+02 5.6700E+02 4.9750E+02 4.7190E+02 5.5740E+02 1.0549E+03 1.3608E+03 1.5154E+03 1.4710E+03 1.4640E+03 1.1426E+03 5.4810E+02 2.8180E+02 6.6500E+01 4.0000E-01 -8.7000E+00 -1.6500E+01 9.0000E+00 1.0910E+02 1.0520E+02 2.1220E+02 5.2410E+02 8.6470E+02 9.3870E+02 8.7000E+02 8.5700E+02 8.4450E+02 7.3650E+02 7.4170E+02 7.5660E+02 7.6630E+02 7.7850E+02 8.3760E+02 8.3730E+02 8.2940E+02 9.4000E+02 1.0241E+03 1.0613E+03 1.0334E+03 9.7580E+02 1.0913E+03 1.1430E+03 1.1154E+03 1.1172E+03 1.0984E+03 1.0474E+03
3.2411E+03 2.3724E+03 1.6898E+03 1.3906E+03 1.2028E+03 1.1578E+03 1.2103E+03 1.9771E+03 2.7338E+03 2.1326E+03 1.2628E+03 3.7290E+02 3.2600E+02 3.3700E+02 4.0690E+02 6.2010E+02 1.2004E+03 1.2096E+03 1.4476E+03 1.5596E+03 1.6103E+03 1.1854E+03 6.3100E+02 1.8290E+02 4.6300E+01 4.3000E+00 -5.5000E+00 1.0000E+01 1.8040E+02 2.6460E+02 2.7960E+02 5.3860E+02 1.0165E+03 1.1941E+03 1.0246E+03 8.2850E+02 7.9820E+02 7.7830E+02 7.5260E+02 7.5450E+02 7.8060E+02 7.9870E+02 8.0710E+02 8.7050E+02 9.1890E+02 1.0116E+03 1.0670E+03 1.2705E+03 1.1460E+03 1.0373E+03 1.0131E+03 1.1148E+03 1.3403E+03 1.2530E+03 1.2304E+03 1.2293E+03 1.1050E+03
3.1076E+03 1.9691E+03 1.5398E+03 1.2928E+03 1.1686E+03 1.1578E+03 1.3817E+03 2.5884E+03 2.4771E+03 1.9008E+03 6.0680E+02 3.2820E+02 3.2450E+02 3.3490E+02 5.0740E+02 7.9920E+02 1.2411E+03 1.3006E+03 1.5175E+03 1.7494E+03 1.6361E+03 1.0873E+03 4.7440E+02 7.8700E+01 2.4500E+01 1.1400E+01 7.3000E+00 1.1080E+02 3.4400E+02 5.2200E+02 6.0440E+02 1.1860E+03 1.4262E+03 1.1596E+03 9.3200E+02 8.1480E+02 7.9600E+02 7.8450E+02 7.8730E+02 8.3950E+02 8.2490E+02 8.4000E+02 8.5280E+02 8.8880E+02 9.7940E+02 9.9310E+02 1.0706E+03 1.1707E+03 1.1104E+03 1.0997E+03 1.1780E+03 1.2338E+03 1.4442E+03 1.5835E+03 1.5177E+03 1.3109E+03 1.1135E+03
2.8268E+03 1.7724E+03 1.4231E+03 1.2262E+03 1.1597E+03 1.1589E+03 1.6134E+03 2.7084E+03 2.1008E+03 1.1475E+03 3.7900E+02 3.4350E+02 3.4310E+02 4.8720E+02 9.3240E+02 1.2184E+03 1.2096E+03 1.3155E+03 1.6952E+03 1.8811E+03 1.6632E+03 9.8340E+02 4.9650E+02 6.7300E+01 3.0300E+01 1.5400E+01 6.1100E+01 3.9450E+02 7.6780E+02 9.3160E+02 1.0340E+03 1.2424E+03 1.1760E+03 1.0542E+03 8.9650E+02 8.3530E+02 8.1980E+02 8.2630E+02 8.7030E+02 8.9080E+02 8.9610E+02 8.9870E+02 8.9770E+02 9.3510E+02 1.1034E+03 1.1361E+03 1.1014E+03 1.1006E+03 1.1338E+03 1.1402E+03 1.1742E+03 1.2229E+03 1.2473E+03 1.3794E+03 1.3713E+03 1.2598E+03 1.1895E+03
2.5188E+03 1.6858E+03 1.3004E+03 1.1757E+03 1.1592E+03 1.2460E+03 1.9742E+03 2.6308E+03 1.8611E+03 7.2630E+02 4.3520E+02 4.4180E+02 4.3120E+02 8.0620E+02 1.4816E+03 1.3989E+03 1.2563E+03 1.4452E+03 1.6446E+03 2.2071E+03 1.9178E+03 1.1202E+03 4.5810E+02 1.3110E+02 5.9200E+01 5.1000E+01 4.9150E+02 9.6800E+02 1.1574E+03 1.4139E+03 1.3479E+03 1.2339E+03 1.0598E+03 9.5890E+02 8.8400E+02 8.5700E+02 8.8850E+02 9.2510E+02 8.9540E+02 9.2080E+02 1.0238E+03 9.9550E+02 9.3310E+02 9.5870E+02 1.0802E+03 1.1120E+03 1.4246E+03 1.3444E+03 1.2370E+03 1.1225E+03 1.0348E+03 1.0448E+03 1.1018E+03 1.2778E+03 1.3344E+03 1.3672E+03 1.3772E+03
2.5376E+03 1.5518E+03 1.2225E+03 1.1590E+03 1.2395E+03 1.5268E+03 2.1871E+03 2.1992E+03 1.4472E+03 7.3440E+02 5.7720E+02 6.6340E+02 7.2120E+02 6.4780E+02 1.0739E+03 1.5729E+03 1.5988E+03 1.6380E+03 1.6955E+03 2.1536E+03 1.8066E+03 1.1105E+03 4.1590E+02 1.4130E+02 1.2860E+02 3.5730E+02 1.0033E+03 1.3850E+03 1.5353E+03 1.5674E+03 1.3381E+03 1.1402E+03 1.0198E+03 9.3770E+02 8.9720E+02 9.1140E+02 1.1782E+03 1.0691E+03 9.7280E+02 1.0109E+03 1.1603E+03 1.1505E+03 9.9060E+02 1.0118E+03 1.0388E+03 1.0955E+03 1.2857E+03 1.5670E+03 1.3666E+03 1.2095E+03 1.0154E+03 9.6620E+02 9.9860E+02 1.1888E+03 1.3587E+03 1.3840E+03 1.4158E+03
2.6126E+03 1.4544E+03 1.1760E+03 1.1580E+03 1.4055E+03 1.8503E+03 2.4093E+03 1.6978E+03 1.3045E+03 8.9450E+02 7.3710E+02 8.0440E+02 1.0834E+03 1.0257E+03 9.6750E+02 1.7392E+03 2.0476E+03 1.7927E+03 1.7047E+03 2.2443E+03 1.5352E+03 9.7180E+02 3.4850E+02 2.5290E+02 3.9030E+02 8.1800E+02 1.3125E+03 1.3626E+03 1.6875E+03 1.5194E+03 1.2459E+03 1.1241E+03 1.0327E+03 9.5500E+02 9.4690E+02 1.2446E+03 1.5230E+03 1.1036E+03 1.0377E+03 1.1346E+03 1.3188E+03 1.1701E+03 1.0553E+03 1.1142E+03 1.1368E+03 1.1735E+03 1.2844E+03 1.3767E+03 1.2956E+03 1.1777E+03 1.0354E+03 9.7400E+02 9.7230E+02 1.0010E+03 1.1477E+03 1.2303E+03 1.4478E+03
2.1443E+03 1.3248E+03 1.1680E+03 1.1783E+03 1.8201E+03 2.1348E+03 2.7972E+03 2.2410E+03 1.5413E+03 1.0779E+03 1.0299E+03 1.0947E+03 1.4556E+03 1.5154E+03 1.0385E+03 1.8942E+03 2.3108E+03 1.6777E+03 1.5730E+03 2.0114E+03 1.2549E+03 6.3480E+02 4.0730E+02 6.1970E+02 9.9920E+02 1.4824E+03 1.7226E+03 1.8827E+03 1.8530E+03 1.4380E+03 1.3021E+03 1.1954E+03 1.0998E+03 1.0282E+03 1.0562E+03 1.4187E+03 1.4718E+03 1.1901E+03 1.1250E+03 1.2448E+03 1.4442E+03 1.2221E+03 1.1681E+03 1.3461E+03 1.3327E+03 1.2953E+03 1.4899E+03 1.4927E+03 1.3148E+03 1.1250E+03 1.0467E+03 9.9050E+02 9.8440E+02 1.0009E+03 1.1974E+03 1.3391E+03 1.5606E+03
1.7151E+03 1.2550E+03 1.1712E+03 1.3878E+03 2.2024E+03 2.6052E+03 3.0821E+03 2.6595E+03 1.9550E+03 1.3537E+03 1.2778E+03 1.4731E+03 1.6018E+03 1.7600E+03 1.1971E+03 1.8562E+03 2.0622E+03 1.4194E+03 1.1228E+03 1.2955E+03 9.0620E+02 5.4230E+02 5.8260E+02 9.5400E+02 1.4857E+03 2.0308E+03 2.0934E+03 2.0632E+03 1.7836E+03 1.5327E+03 1.4672E+03 1.3711E+03 1.4021E+03 1.1832E+03 1.0666E+03 1.2124E+03 1.2950E+03 1.2070E+03 1.2414E+03 1.4660E+03 1.5377E+03 1.4002E+03 1.3101E+03 1.6133E+03 1.4902E+03 1.6204E+03 1.5444E+03 1.3903E+03 1.3063E+03 1.1579E+03 1.0959E+03 1.1364E+03 1.0644E+03 1.0958E+03 1.3603E+03 1.5505E+03 1.5425E+03
1.6153E+03 1.2586E+03 1.1830E+03 1.5246E+03 2.3431E+03 2.7577E+03 2.8774E+03 2.4282E+03 1.8611E+03 1.6129E+03 1.5794E+03 1.6344E+03 1.7080E+03 1.6668E+03 1.5342E+03 1.7095E+03 2.1074E+03 1.4288E+03 8.8090E+02 9.9470E+02 6.6860E+02 6.7550E+02 9.0460E+02 1.3416E+03 1.8847E+03 2.1534E+03 2.1614E+03 1.8258E+03 1.6173E+03 1.5410E+03 1.4646E+03 1.3678E+03 1.4900E+03 1.3147E+03 1.1619E+03 1.1000E+03 1.2428E+03 1.3056E+03 1.4244E+03 1.6299E+03 1.7483E+03 1.6646E+03 1.3224E+03 1.6857E+03 1.8101E+03 1.8538E+03 1.6136E+03 1.3455E+03 1.4929E+03 1.2846E+03 1.2010E+03 1.3303E+03 1.2513E+03 1.1935E+03 1.4238E+03 1.6786E+03 1.5880E+03
