parallel_CALPUFF/qaterr.grd
DSAA
         273         273
   -495.1320    592.8680
   -492.9100    595.0900
 -0.7430E+02  0.3834E+04
[rows 125 to 149 of 273, columns 171 to 227 of 273]
1.6021E+03 1.3454E+03 1.2105E+03 1.5591E+03 2.4646E+03 2.5751E+03 2.6245E+03 2.6197E+03 2.0942E+03 1.7966E+03 1.6921E+03 1.6875E+03 1.6998E+03 1.3931E+03 1.3027E+03 1.5625E+03 1.8879E+03 1.2337E+03 8.1050E+02 7.6070E+02 6.7960E+02 9.2050E+02 1.1769E+03 1.3938E+03 1.9281E+03 2.2424E+03 2.0921E+03 1.7772E+03 1.5330E+03 1.3905E+03 1.3156E+03 1.2790E+03 1.4115E+03 1.3816E+03 1.1898E+03 1.1684E+03 1.2767E+03 1.3350E+03 1.5154E+03 1.4859E+03 1.5317E+03 1.6299E+03 1.5008E+03 1.6571E+03 1.8149E+03 1.7938E+03 1.5030E+03 1.4355E+03 1.3394E+03 1.2324E+03 1.1882E+03 1.2620E+03 1.2824E+03 1.3085E+03 1.4551E+03 1.6045E+03 1.4862E+03
1.6254E+03 1.3190E+03 1.1509E+03 1.7921E+03 2.5835E+03 2.5870E+03 2.4701E+03 2.2730E+03 1.9736E+03 1.7453E+03 1.7821E+03 1.5805E+03 1.4370E+03 9.9310E+02 1.0540E+03 1.5388E+03 1.5892E+03 1.1030E+03 7.7950E+02 7.5890E+02 9.7700E+02 1.1192E+03 1.2221E+03 1.3867E+03 1.6987E+03 2.0399E+03 1.8659E+03 1.6210E+03 1.4365E+03 1.3372E+03 1.2897E+03 1.2553E+03 1.2819E+03 1.2859E+03 1.1847E+03 1.2038E+03 1.3099E+03 1.3925E+03 1.4410E+03 1.5175E+03 1.7519E+03 1.7530E+03 1.5865E+03 1.4819E+03 1.5155E+03 1.7402E+03 1.6212E+03 1.4710E+03 1.2741E+03 1.2077E+03 1.2029E+03 1.3133E+03 1.3406E+03 1.4293E+03 1.4798E+03 1.6310E+03 1.5874E+03
1.6753E+03 1.2890E+03 1.1842E+03 1.8697E+03 2.2369E+03 2.3091E+03 2.3961E+03 2.0687E+03 1.8678E+03 1.5747E+03 1.5210E+03 1.2726E+03 1.1739E+03 8.9250E+02 9.2510E+02 1.5340E+03 1.4655E+03 9.5720E+02 8.2300E+02 1.1569E+03 1.3917E+03 1.4097E+03 1.3061E+03 1.3097E+03 1.4663E+03 1.7483E+03 1.7387E+03 1.4949E+03 1.3521E+03 1.2773E+03 1.2489E+03 1.2372E+03 1.2845E+03 1.2404E+03 1.2517E+03 1.2052E+03 1.2981E+03 1.4248E+03 1.5627E+03 1.7585E+03 1.9483E+03 1.8616E+03 1.6621E+03 1.4685E+03 1.4906E+03 1.6900E+03 1.5789E+03 1.3770E+03 1.2714E+03 1.2228E+03 1.2244E+03 1.3680E+03 1.4010E+03 1.4650E+03 1.4794E+03 1.5302E+03 1.6612E+03
1.3852E+03 1.2257E+03 1.2510E+03 1.6821E+03 1.9976E+03 2.3063E+03 2.2077E+03 2.2034E+03 1.9379E+03 1.5545E+03 1.1806E+03 1.1046E+03 9.6350E+02 9.1730E+02 9.9680E+02 1.5192E+03 1.2240E+03 8.6530E+02 9.7230E+02 1.2921E+03 1.5198E+03 1.6331E+03 1.5271E+03 1.4638E+03 1.2970E+03 1.4812E+03 1.6880E+03 1.3962E+03 1.2708E+03 1.2309E+03 1.2228E+03 1.2515E+03 1.2916E+03 1.2452E+03 1.2749E+03 1.2889E+03 1.3135E+03 1.4171E+03 1.5636E+03 1.8058E+03 2.0332E+03 1.8143E+03 1.5976E+03 1.5317E+03 1.5657E+03 1.6750E+03 1.5606E+03 1.3969E+03 1.2833E+03 1.2410E+03 1.2816E+03 1.4278E+03 1.4787E+03 1.4215E+03 1.4228E+03 1.4919E+03 1.6580E+03
1.2590E+03 1.2189E+03 1.3627E+03 1.6670E+03 2.1506E+03 2.3906E+03 2.3753E+03 2.1120E+03 2.0044E+03 1.5790E+03 1.0521E+03 9.2630E+02 9.0540E+02 1.1783E+03 1.4377E+03 1.6803E+03 1.0268E+03 9.3400E+02 1.1311E+03 1.4334E+03 1.7283E+03 1.8203E+03 1.7873E+03 1.6558E+03 1.3114E+03 1.3014E+03 1.4588E+03 1.2953E+03 1.2175E+03 1.2015E+03 1.2333E+03 1.2213E+03 1.2280E+03 1.2774E+03 1.3820E+03 1.3986E+03 1.3949E+03 1.4164E+03 1.5424E+03 1.6857E+03 1.7606E+03 1.6627E+03 1.6590E+03 1.5762E+03 1.6445E+03 1.8000E+03 1.6916E+03 1.4276E+03 1.3039E+03 1.2713E+03 1.3740E+03 1.5668E+03 1.5572E+03 1.4135E+03 1.4276E+03 1.4584E+03 1.5533E+03
1.2183E+03 1.2642E+03 1.6151E+03 2.0701E+03 2.2580E+03 2.3487E+03 2.4970E+03 2.0603E+03 1.9305E+03 1.3253E+03 9.7880E+02 9.3680E+02 1.0304E+03 1.5168E+03 1.5831E+03 1.4392E+03 1.0268E+03 1.0519E+03 1.2954E+03 1.6475E+03 1.9140E+03 2.0081E+03 1.7526E+03 1.4992E+03 1.3362E+03 1.2728E+03 1.3019E+03 1.2242E+03 1.1984E+03 1.2160E+03 1.2452E+03 1.2476E+03 1.2794E+03 1.3418E+03 1.5007E+03 1.5094E+03 1.4914E+03 1.4629E+03 1.5694E+03 1.6759E+03 1.7217E+03 1.7074E+03 1.7425E+03 1.7785E+03 1.7689E+03 1.9365E+03 1.9004E+03 1.4755E+03 1.3352E+03 1.2944E+03 1.4530E+03 1.6324E+03 1.5837E+03 1.4420E+03 1.5170E+03 1.4597E+03 1.4724E+03
1.2188E+03 1.4771E+03 2.1778E+03 2.2159E+03 2.1087E+03 1.6843E+03 1.8843E+03 1.9541E+03 1.5708E+03 1.2193E+03 9.9220E+02 1.0236E+03 1.1259E+03 1.6603E+03 1.6746E+03 1.1733E+03 1.1027E+03 1.1677E+03 1.3611E+03 1.7037E+03 1.9015E+03 2.1688E+03 1.8616E+03 1.5661E+03 1.3971E+03 1.3038E+03 1.2309E+03 1.2147E+03 1.2149E+03 1.2677E+03 1.3285E+03 1.3253E+03 1.3971E+03 1.4659E+03 1.6772E+03 1.5926E+03 1.5375E+03 1.6036E+03 1.7008E+03 1.7965E+03 1.8103E+03 1.9193E+03 1.9537E+03 2.0905E+03 1.9253E+03 2.1366E+03 1.8034E+03 1.5214E+03 1.4230E+03 1.3301E+03 1.4467E+03 1.5568E+03 1.4645E+03 1.6003E+03 1.4969E+03 1.4155E+03 1.4603E+03
1.2282E+03 1.6074E+03 2.1929E+03 2.2927E+03 1.9522E+03 1.5820E+03 1.5589E+03 1.8848E+03 1.3236E+03 1.0918E+03 1.0668E+03 1.1482E+03 1.4706E+03 2.2308E+03 1.7221E+03 1.3880E+03 1.2703E+03 1.3465E+03 1.5104E+03 1.5982E+03 1.7537E+03 2.0590E+03 2.1590E+03 1.7903E+03 1.5483E+03 1.4089E+03 1.2500E+03 1.2166E+03 1.2179E+03 1.3041E+03 1.3851E+03 1.4510E+03 1.6026E+03 1.7109E+03 1.8155E+03 1.7129E+03 1.6849E+03 1.7351E+03 1.7972E+03 1.8787E+03 1.9196E+03 1.9970E+03 2.0664E+03 2.1525E+03 2.1646E+03 2.1349E+03 1.9719E+03 1.7857E+03 1.7346E+03 1.4936E+03 1.4811E+03 1.4161E+03 1.4012E+03 1.5318E+03 1.4241E+03 1.4010E+03 1.4216E+03
1.2898E+03 1.8990E+03 2.4501E+03 2.4004E+03 2.0856E+03 1.6557E+03 1.5406E+03 1.7894E+03 1.3473E+03 1.1115E+03 1.1605E+03 1.3369E+03 1.8038E+03 2.0331E+03 1.7131E+03 1.6243E+03 1.5764E+03 1.5775E+03 1.7418E+03 1.8380E+03 1.8136E+03 1.9339E+03 2.0431E+03 1.9580E+03 1.6445E+03 1.4062E+03 1.2684E+03 1.2306E+03 1.2606E+03 1.4924E+03 1.5234E+03 1.5153E+03 1.7861E+03 1.8352E+03 1.9098E+03 1.7928E+03 1.9418E+03 1.8052E+03 1.8325E+03 1.8611E+03 1.9380E+03 1.9928E+03 2.0468E+03 2.1164E+03 2.1342E+03 2.0494E+03 2.0281E+03 1.9822E+03 1.9483E+03 1.6893E+03 1.4988E+03 1.4015E+03 1.4010E+03 1.4064E+03 1.4010E+03 1.4010E+03 1.4234E+03
1.3753E+03 1.9765E+03 2.6376E+03 2.8505E+03 2.3983E+03 1.9650E+03 1.6527E+03 1.6589E+03 1.5149E+03 1.2663E+03 1.4180E+03 1.7164E+03 1.7405E+03 1.9415E+03 2.0425E+03 1.9885E+03 1.8910E+03 1.7010E+03 1.6530E+03 1.7038E+03 1.7130E+03 1.8692E+03 1.9048E+03 1.8329E+03 1.6171E+03 1.3985E+03 1.2905E+03 1.2669E+03 1.3929E+03 1.6249E+03 1.6072E+03 1.6569E+03 1.6601E+03 1.7070E+03 1.7169E+03 1.7958E+03 1.8043E+03 1.7789E+03 1.7494E+03 1.8384E+03 1.9026E+03 1.9436E+03 2.0521E+03 2.0888E+03 1.9964E+03 1.9548E+03 2.1112E+03 1.9377E+03 1.7734E+03 1.5707E+03 1.4708E+03 1.4082E+03 1.4010E+03 1.4010E+03 1.4010E+03 1.4010E+03 1.4246E+03
1.4892E+03 2.1260E+03 2.7501E+03 3.0510E+03 2.6289E+03 2.4261E+03 1.9112E+03 1.6687E+03 1.8763E+03 1.6253E+03 1.6262E+03 1.9238E+03 2.1744E+03 2.2578E+03 2.1396E+03 2.2078E+03 2.1974E+03 1.8291E+03 1.6356E+03 1.5716E+03 1.5568E+03 1.5749E+03 1.6449E+03 1.6831E+03 1.5945E+03 1.4211E+03 1.3912E+03 1.3254E+03 1.5767E+03 1.6670E+03 1.6984E+03 1.6552E+03 1.6437E+03 1.6849E+03 1.6578E+03 1.6951E+03 1.7572E+03 1.7288E+03 1.6541E+03 1.6867E+03 1.7464E+03 1.8847E+03 2.0326E+03 2.0662E+03 1.8227E+03 1.7846E+03 2.1007E+03 1.9934E+03 1.7238E+03 1.5193E+03 1.4600E+03 1.4117E+03 1.4011E+03 1.4023E+03 1.4761E+03 1.4970E+03 1.5190E+03
1.6301E+03 2.4381E+03 2.9681E+03 2.9628E+03 2.7410E+03 2.5038E+03 2.2779E+03 1.9860E+03 1.8783E+03 1.6378E+03 1.6032E+03 1.8024E+03 2.0448E+03 2.0614E+03 2.0201E+03 2.1829E+03 2.3532E+03 2.1871E+03 1.7463E+03 1.5903E+03 1.5255E+03 1.5202E+03 1.5121E+03 1.5048E+03 1.4655E+03 1.4409E+03 1.4512E+03 1.3600E+03 1.5928E+03 1.6025E+03 1.6079E+03 1.6083E+03 1.6286E+03 1.7007E+03 1.6334E+03 1.6286E+03 1.6449E+03 1.6691E+03 1.5932E+03 1.6002E+03 1.6125E+03 1.7650E+03 1.9762E+03 2.0367E+03 1.7787E+03 1.6893E+03 2.0565E+03 2.0626E+03 1.8208E+03 1.6526E+03 1.4963E+03 1.4426E+03 1.4274E+03 1.4732E+03 1.7373E+03 1.8827E+03 1.8044E+03
1.8367E+03 2.5456E+03 3.0270E+03 3.1753E+03 2.9686E+03 2.6124E+03 2.3299E+03 1.9008E+03 1.6546E+03 1.5808E+03 1.5928E+03 1.7335E+03 1.8597E+03 1.9678E+03 2.1336E+03 2.3177E+03 2.4053E+03 2.0100E+03 1.8827E+03 1.6491E+03 1.5985E+03 1.5650E+03 1.4918E+03 1.4628E+03 1.4466E+03 1.4458E+03 1.4781E+03 1.5944E+03 1.5738E+03 1.5333E+03 1.5920E+03 1.6434E+03 1.6736E+03 1.6971E+03 1.6409E+03 1.6125E+03 1.5984E+03 1.5916E+03 1.5705E+03 1.5678E+03 1.5761E+03 1.6434E+03 1.8690E+03 1.9053E+03 1.6590E+03 1.6437E+03 1.8102E+03 2.2156E+03 1.9819E+03 1.7624E+03 1.5719E+03 1.4828E+03 1.4932E+03 1.5648E+03 1.8005E+03 2.0846E+03 1.9153E+03
2.1348E+03 3.0020E+03 3.3610E+03 3.0694E+03 2.8796E+03 2.5927E+03 2.1189E+03 1.7711E+03 1.5715E+03 1.5993E+03 1.7103E+03 1.8215E+03 1.9876E+03 2.1132E+03 2.4063E+03 2.5832E+03 2.2264E+03 2.1550E+03 1.9367E+03 1.7258E+03 1.6098E+03 1.6444E+03 1.6377E+03 1.5209E+03 1.4461E+03 1.4871E+03 1.7952E+03 2.0671E+03 1.8000E+03 1.6322E+03 1.6074E+03 1.6648E+03 1.6871E+03 1.7621E+03 1.7038E+03 1.6525E+03 1.6191E+03 1.5998E+03 1.5694E+03 1.5542E+03 1.5553E+03 1.5674E+03 1.7935E+03 1.7887E+03 1.6490E+03 1.6270E+03 1.7061E+03 2.0407E+03 2.1841E+03 1.8490E+03 1.6501E+03 1.5340E+03 1.5574E+03 1.6713E+03 1.9163E+03 2.2460E+03 2.0128E+03
2.4643E+03 3.3849E+03 3.4128E+03 3.0204E+03 2.8486E+03 2.2938E+03 1.8504E+03 1.5842E+03 1.5597E+03 1.7377E+03 1.9662E+03 1.9982E+03 2.0808E+03 2.0528E+03 2.1782E+03 2.2064E+03 2.0389E+03 2.0578E+03 1.8896E+03 1.6777E+03 1.6014E+03 1.6191E+03 1.6544E+03 1.6540E+03 1.4748E+03 1.5115E+03 1.9271E+03 2.1744E+03 1.8583E+03 1.6536E+03 1.6526E+03 1.6161E+03 1.6622E+03 1.8098E+03 1.8132E+03 1.7201E+03 1.6536E+03 1.6535E+03 1.5895E+03 1.5499E+03 1.5430E+03 1.5369E+03 1.7105E+03 1.8306E+03 1.6359E+03 1.6260E+03 1.7070E+03 1.9544E+03 2.1803E+03 1.8830E+03 1.7095E+03 1.6132E+03 1.6161E+03 1.7426E+03 1.9910E+03 2.2679E+03 1.9458E+03
2.6305E+03 3.6197E+03 3.4116E+03 2.7762E+03 2.1546E+03 1.8471E+03 1.5980E+03 1.5270E+03 1.6362E+03 1.8554E+03 2.0725E+03 2.0945E+03 1.8442E+03 1.7563E+03 1.7133E+03 1.7268E+03 1.7249E+03 1.8812E+03 2.0175E+03 1.7776E+03 1.6412E+03 1.6344E+03 1.6799E+03 1.6285E+03 1.5463E+03 1.4605E+03 1.5025E+03 1.6406E+03 1.6818E+03 1.6025E+03 1.6138E+03 1.5852E+03 1.6534E+03 1.7496E+03 1.7582E+03 1.7229E+03 1.6957E+03 1.7264E+03 1.6595E+03 1.5735E+03 1.5619E+03 1.5686E+03 1.7649E+03 1.8313E+03 1.6590E+03 1.6314E+03 1.7290E+03 1.9851E+03 2.2693E+03 1.9143E+03 1.7213E+03 1.7635E+03 1.6956E+03 1.8040E+03 2.0595E+03 2.1433E+03 1.7333E+03
3.0286E+03 3.7639E+03 3.0604E+03 2.3631E+03 1.9600E+03 1.5540E+03 1.4995E+03 1.5836E+03 1.8782E+03 2.0400E+03 2.1681E+03 1.8426E+03 1.5832E+03 1.4676E+03 1.4549E+03 1.4935E+03 1.5530E+03 1.7360E+03 1.9401E+03 1.9879E+03 1.7291E+03 1.7032E+03 1.7347E+03 1.6896E+03 1.5794E+03 1.5099E+03 1.4630E+03 1.4454E+03 1.4197E+03 1.4543E+03 1.5154E+03 1.5803E+03 1.7520E+03 1.8671E+03 1.8260E+03 1.7060E+03 1.7279E+03 1.7438E+03 1.6679E+03 1.6060E+03 1.5857E+03 1.6319E+03 1.8442E+03 1.8108E+03 1.7057E+03 1.6564E+03 1.7468E+03 2.0498E+03 2.0655E+03 1.8269E+03 1.6693E+03 1.7571E+03 1.6874E+03 1.8126E+03 2.0739E+03 1.9214E+03 1.7035E+03
3.2478E+03 3.6396E+03 2.7341E+03 2.2036E+03 1.8457E+03 1.4955E+03 1.5106E+03 1.8630E+03 2.1584E+03 2.1961E+03 2.1615E+03 1.8236E+03 1.5000E+03 1.3724E+03 1.3286E+03 1.3668E+03 1.4537E+03 1.6218E+03 1.7822E+03 2.0129E+03 1.8666E+03 1.7790E+03 1.7670E+03 1.7171E+03 1.6060E+03 1.5667E+03 1.5068E+03 1.4489E+03 1.4206E+03 1.4383E+03 1.4696E+03 1.5877E+03 1.7791E+03 2.0241E+03 1.8200E+03 1.6754E+03 1.6664E+03 1.7229E+03 1.7199E+03 1.6255E+03 1.6165E+03 1.7173E+03 1.9735E+03 1.8722E+03 1.7545E+03 1.6857E+03 1.7503E+03 1.9352E+03 1.9275E+03 1.7403E+03 1.6491E+03 1.5839E+03 1.5813E+03 1.6540E+03 1.7761E+03 1.8505E+03 1.7018E+03
3.4008E+03 3.0189E+03 2.5131E+03 2.0599E+03 1.5939E+03 1.4791E+03 1.6085E+03 2.0578E+03 2.5527E+03 2.4326E+03 2.2344E+03 1.9739E+03 1.6262E+03 1.3838E+03 1.3114E+03 1.3236E+03 1.4175E+03 1.6379E+03 1.8043E+03 1.9860E+03 2.1070E+03 1.9360E+03 1.8529E+03 1.8143E+03 1.6976E+03 1.6406E+03 1.5810E+03 1.4827E+03 1.4501E+03 1.4597E+03 1.5230E+03 1.6291E+03 1.8805E+03 2.0045E+03 1.7620E+03 1.6457E+03 1.6423E+03 1.6854E+03 1.6795E+03 1.6437E+03 1.6539E+03 1.7674E+03 2.0140E+03 1.9149E+03 1.7975E+03 1.7080E+03 1.7460E+03 1.8958E+03 1.8178E+03 1.7225E+03 1.6538E+03 1.5793E+03 1.5288E+03 1.5171E+03 1.5204E+03 1.6196E+03 1.6656E+03
3.5058E+03 2.9247E+03 2.3547E+03 1.7894E+03 1.5306E+03 1.4733E+03 1.7325E+03 2.0422E+03 2.3770E+03 2.4753E+03 2.4702E+03 2.2728E+03 1.7961E+03 1.4461E+03 1.3189E+03 1.3110E+03 1.3673E+03 1.5416E+03 1.7655E+03 1.9568E+03 2.2378E+03 2.0846E+03 1.8799E+03 1.7752E+03 1.8261E+03 1.7603E+03 1.7123E+03 1.5816E+03 1.5112E+03 1.5943E+03 1.7343E+03 1.8962E+03 1.8672E+03 1.8136E+03 1.6749E+03 1.6304E+03 1.6440E+03 1.7039E+03 1.7186E+03 1.6804E+03 1.7162E+03 1.8534E+03 2.0787E+03 2.0688E+03 1.8722E+03 1.7534E+03 1.7663E+03 1.8696E+03 1.7780E+03 1.7500E+03 1.7313E+03 1.5920E+03 1.5164E+03 1.4788E+03 1.4654E+03 1.4855E+03 1.5878E+03
3.3287E+03 2.5741E+03 2.1272E+03 1.6742E+03 1.5111E+03 1.4699E+03 1.5350E+03 1.7943E+03 2.1955E+03 2.2816E+03 2.3753E+03 2.3621E+03 1.9013E+03 1.6738E+03 1.3746E+03 1.3106E+03 1.3470E+03 1.4176E+03 1.6047E+03 1.7480E+03 2.0158E+03 1.9143E+03 1.7494E+03 1.7116E+03 1.7723E+03 1.8822E+03 1.7588E+03 1.5973E+03 1.5953E+03 1.7700E+03 1.9785E+03 1.9758E+03 1.8174E+03 1.7234E+03 1.6533E+03 1.6445E+03 1.6626E+03 1.6931E+03 1.7122E+03 1.7221E+03 1.7762E+03 1.9597E+03 2.2702E+03 2.1073E+03 1.9054E+03 1.7917E+03 1.7739E+03 1.9213E+03 1.7793E+03 1.8403E+03 1.8298E+03 1.6405E+03 1.5240E+03 1.4643E+03 1.4620E+03 1.4620E+03 1.4812E+03
2.8959E+03 2.4912E+03 1.9463E+03 1.6787E+03 1.5154E+03 1.4683E+03 1.4522E+03 1.6247E+03 1.8418E+03 1.9621E+03 2.1417E+03 2.1957E+03 2.2233E+03 1.7996E+03 1.3715E+03 1.3100E+03 1.3104E+03 1.3424E+03 1.5711E+03 1.6253E+03 1.7212E+03 1.7200E+03 1.6585E+03 1.6391E+03 1.7140E+03 1.8159E+03 1.7073E+03 1.6543E+03 1.6387E+03 1.7960E+03 1.9568E+03 1.8834E+03 1.7499E+03 1.6876E+03 1.6432E+03 1.6550E+03 1.6815E+03 1.7132E+03 1.7439E+03 1.7763E+03 1.8386E+03 2.0125E+03 2.2434E+03 2.0533E+03 1.8880E+03 1.7948E+03 1.7345E+03 1.7341E+03 1.7171E+03 1.8071E+03 1.8327E+03 1.6798E+03 1.6232E+03 1.4863E+03 1.4620E+03 1.4620E+03 1.4630E+03
2.7750E+03 2.3112E+03 1.9295E+03 1.6694E+03 1.5163E+03 1.4798E+03 1.4553E+03 1.4628E+03 1.6202E+03 1.8939E+03 2.1749E+03 2.1348E+03 1.9135E+03 1.5727E+03 1.4052E+03 1.3390E+03 1.3240E+03 1.3540E+03 1.6568E+03 1.5257E+03 1.5513E+03 1.5675E+03 1.5726E+03 1.5869E+03 1.6400E+03 1.6975E+03 1.6333E+03 1.6633E+03 1.6376E+03 1.7066E+03 1.7895E+03 1.7387E+03 1.6814E+03 1.6587E+03 1.6438E+03 1.6642E+03 1.7041E+03 1.7487E+03 1.7844E+03 1.8275E+03 1.9216E+03 2.0966E+03 2.3216E+03 1.9940E+03 1.8682E+03 1.7873E+03 1.7453E+03 1.6828E+03 1.6561E+03 1.6793E+03 1.8529E+03 1.8218E+03 1.6405E+03 1.5025E+03 1.4661E+03 1.4620E+03 1.4620E+03
2.6971E+03 2.2540E+03 1.8693E+03 1.6161E+03 1.5294E+03 1.6558E+03 1.5663E+03 1.4597E+03 1.5423E+03 1.9525E+03 1.9485E+03 1.6968E+03 1.6094E+03 1.5177E+03 1.4718E+03 1.5363E+03 1.5509E+03 1.5878E+03 1.6047E+03 1.5230E+03 1.5230E+03 1.5230E+03 1.5258E+03 1.5601E+03 1.6342E+03 1.6141E+03 1.5838E+03 1.5760E+03 1.5903E+03 1.6208E+03 1.6399E+03 1.6460E+03 1.6513E+03 1.6325E+03 1.6447E+03 1.6762E+03 1.7303E+03 1.7876E+03 1.8407E+03 1.8932E+03 2.0311E+03 2.2570E+03 2.1624E+03 1.9305E+03 1.8455E+03 1.8295E+03 1.9422E+03 1.6978E+03 1.6207E+03 1.6402E+03 1.7805E+03 1.8283E+03 1.6534E+03 1.5174E+03 1.4715E+03 1.4620E+03 1.4620E+03
2.5238E+03 2.1932E+03 1.8735E+03 1.6373E+03 1.6042E+03 1.7459E+03 1.5903E+03 1.4638E+03 1.6062E+03 1.8237E+03 1.6684E+03 1.5505E+03 1.5175E+03 1.5320E+03 1.5892E+03 1.7292E+03 1.8077E+03 1.8835E+03 1.6230E+03 1.5559E+03 1.5235E+03 1.5230E+03 1.5255E+03 1.6158E+03 1.6565E+03 1.6112E+03 1.5832E+03 1.5792E+03 1.5863E+03 1.5951E+03 1.6074E+03 1.6190E+03 1.6279E+03 1.6380E+03 1.6506E+03 1.7035E+03 1.7919E+03 1.8663E+03 1.9328E+03 2.0480E+03 2.1500E+03 2.2908E+03 2.0211E+03 1.9082E+03 1.8435E+03 1.9432E+03 2.2284E+03 1.7578E+03 1.5853E+03 1.6327E+03 1.7801E+03 1.7403E+03 1.6449E+03 1.5369E+03 1.4905E+03 1.4648E+03 1.4786E+03
