parallel_CALPUFF/qaterr.grd
DSAA
         273         273
   -495.1320    592.8680
   -492.9100    595.0900
 -0.7430E+02  0.3834E+04
[rows 25 to 49 of 273, columns 171 to 227 of 273]
2.7610E+02 3.3220E+02 1.1770E+02 0.0000E+00 0.0000E+00 0.0000E+00 0.0000E+00 0.0000E+00 0.0000E+00 0.0000E+00 0.0000E+00 0.0000E+00 0.0000E+00 0.0000E+00 0.0000E+00 0.0000E+00 0.0000E+00 0.0000E+00 0.0000E+00 0.0000E+00 0.0000E+00 9.8300E+01 2.1680E+02 1.3290E+02 1.4120E+02 9.1300E+01 1.1610E+02 1.7380E+02 1.5700E+02 1.5280E+02 1.8800E+02 3.0750E+02 3.6540E+02 3.2130E+02 7.3340E+02 1.2695E+03 1.5305E+03 1.3958E+03 1.1882E+03 1.0937E+03 9.2100E+02 1.0742E+03 1.3235E+03 1.7302E+03 1.5313E+03 1.1787E+03 7.1000E+02 2.3300E+02 2.1670E+02 2.4010E+02 2.2440E+02 2.9260E+02 3.5950E+02 3.5930E+02 1.5370E+02 6.9800E+01 1.0400E+01
2.7250E+02 1.7650E+02 0.0000E+00 0.0000E+00 0.0000E+00 0.0000E+00 0.0000E+00 0.0000E+00 0.0000E+00 0.0000E+00 0.0000E+00 0.0000E+00 0.0000E+00 0.0000E+00 0.0000E+00 0.0000E+00 0.0000E+00 0.0000E+00 0.0000E+00 5.5000E+00 5.6600E+01 2.0730E+02 1.7130E+02 2.5880E+02 2.0360E+02 1.9920E+02 1.4020E+02 2.0980E+02 2.2620E+02 2.2610E+02 2.6890E+02 2.0360E+02 2.9000E+02 6.7200E+02 1.3383E+03 1.4645E+03 1.5260E+03 1.5319E+03 1.1468E+03 1.0742E+03 1.1477E+03 1.2585E+03 1.4485E+03 1.4933E+03 1.2427E+03 8.2680E+02 6.9870E+02 2.9730E+02 5.5190E+02 2.6760E+02 1.8610E+02 4.5730E+02 8.2340E+02 4.8700E+02 1.7280E+02 4.6800E+01 -2.7400E+01
7.6000E+00 0.0000E+00 0.0000E+00 0.0000E+00 0.0000E+00 0.0000E+00 0.0000E+00 0.0000E+00 0.0000E+00 0.0000E+00 0.0000E+00 0.0000E+00 0.0000E+00 0.0000E+00 0.0000E+00 0.0000E+00 0.0000E+00 0.0000E+00 2.7000E+00 9.1300E+01 9.5500E+01 1.4270E+02 2.0430E+02 4.6630E+02 5.9060E+02 2.5970E+02 2.2700E+02 2.1600E+02 2.2650E+02 3.3680E+02 4.5880E+02 4.4000E+02 6.6210E+02 1.0951E+03 1.1534E+03 1.0181E+03 1.0336E+03 9.9270E+02 9.0700E+02 1.1199E+03 1.2906E+03 1.4576E+03 1.5545E+03 1.4148E+03 1.0869E+03 5.7830E+02 5.3570E+02 4.8120E+02 3.3360E+02 2.2710E+02 4.1700E+02 1.1740E+03 1.0898E+03 4.6580E+02 2.4430E+02 -8.6000E+00 -6.5700E+01
0.0000E+00 0.0000E+00 0.0000E+00 0.0000E+00 0.0000E+00 0.0000E+00 0.0000E+00 0.0000E+00 0.0000E+00 0.0000E+00 0.0000E+00 0.0000E+00 0.0000E+00 0.0000E+00 0.0000E+00 0.0000E+00 7.4000E+00 2.7000E+01 7.6200E+01 1.2770E+02 1.3660E+02 1.7880E+02 2.9840E+02 5.6390E+02 7.3220E+02 2.8370E+02 2.6650E+02 3.1240E+02 3.4770E+02 4.2270E+02 4.6760E+02 4.1760E+02 6.5100E+02 8.1380E+02 7.8100E+02 7.2470E+02 6.9060E+02 8.9930E+02 1.1494E+03 1.2557E+03 1.3522E+03 1.4360E+03 1.3512E+03 1.0590E+03 8.0800E+02 7.2280E+02 7.8300E+02 7.0510E+02 6.5990E+02 5.7980E+02 1.0536E+03 1.1638E+03 6.2080E+02 2.3360E+02 1.6890E+02 -6.1800E+01 -7.4100E+01
0.0000E+00 0.0000E+00 0.0000E+00 0.0000E+00 0.0000E+00 0.0000E+00 0.0000E+00 0.0000E+00 0.0000E+00 0.0000E+00 0.0000E+00 0.0000E+00 0.0000E+00 0.0000E+00 0.0000E+00 0.0000E+00 8.8500E+01 1.0200E+02 8.7600E+01 1.9100E+02 1.8560E+02 2.5090E+02 4.0420E+02 5.6700E+02 6.8000E+02 5.8740E+02 4.2000E+02 3.3700E+02 4.3900E+02 4.0910E+02 3.5220E+02 3.7610E+02 4.7590E+02 5.1580E+02 5.0980E+02 5.6520E+02 7.4150E+02 9.4730E+02 1.1737E+03 1.3553E+03 1.4438E+03 1.2980E+03 1.1404E+03 9.6260E+02 9.9770E+02 1.1351E+03 1.0894E+03 1.0340E+03 1.2148E+03 1.4550E+03 1.4365E+03 8.8050E+02 2.8030E+02 5.2500E+01 -2.8600E+01 -7.1700E+01 -7.4100E+01
0.0000E+00 0.0000E+00 0.0000E+00 0.0000E+00 0.0000E+00 0.0000E+00 0.0000E+00 0.0000E+00 0.0000E+00 0.0000E+00 0.0000E+00 0.0000E+00 0.0000E+00 0.0000E+00 1.0200E+01 9.8800E+01 1.1170E+02 1.1710E+02 1.2500E+02 1.2790E+02 1.7060E+02 3.2820E+02 5.7900E+02 4.5580E+02 6.2750E+02 6.9760E+02 6.1450E+02 5.3310E+02 4.2620E+02 3.3390E+02 3.6650E+02 4.0930E+02 4.3060E+02 5.8750E+02 5.7840E+02 6.4430E+02 7.5840E+02 1.0094E+03 1.1314E+03 1.2470E+03 1.2831E+03 1.2061E+03 1.2070E+03 1.0605E+03 1.2800E+03 1.6149E+03 1.5567E+03 1.4703E+03 1.4743E+03 1.0128E+03 7.7050E+02 4.4790E+02 6.9400E+01 -2.7500E+01 -6.9300E+01 -7.4100E+01 -7.4000E+01
0.0000E+00 0.0000E+00 0.0000E+00 0.0000E+00 0.0000E+00 0.0000E+00 0.0000E+00 0.0000E+00 0.0000E+00 0.0000E+00 0.0000E+00 0.0000E+00 0.0000E+00 1.2600E+01 1.2660E+02 1.5930E+02 1.2210E+02 1.1890E+02 1.7620E+02 1.7970E+02 2.0540E+02 3.7630E+02 7.4770E+02 6.7170E+02 6.5200E+02 6.6480E+02 6.1620E+02 4.1920E+02 3.6530E+02 3.6110E+02 3.8950E+02 4.2660E+02 4.7080E+02 5.9640E+02 6.8420E+02 7.2240E+02 8.8020E+02 1.0573E+03 1.1162E+03 1.1576E+03 1.1882E+03 1.2562E+03 1.4080E+03 1.3724E+03 1.6325E+03 2.0701E+03 2.1847E+03 1.6135E+03 1.1945E+03 7.9970E+02 4.1010E+02 1.6810E+02 1.3600E+01 -4.4300E+01 -7.1700E+01 -7.4000E+01 -7.4200E+01
0.0000E+00 0.0000E+00 0.0000E+00 0.0000E+00 0.0000E+00 0.0000E+00 0.0000E+00 0.0000E+00 0.0000E+00 0.0000E+00 0.0000E+00 3.9000E+00 4.8000E+00 8.3300E+01 2.0000E+02 1.7030E+02 1.2830E+02 1.3860E+02 2.0520E+02 2.5370E+02 3.5370E+02 4.1020E+02 6.0790E+02 7.3620E+02 8.8330E+02 7.6100E+02 5.0880E+02 3.9750E+02 4.2860E+02 4.3400E+02 4.2100E+02 4.6700E+02 5.1490E+02 6.0260E+02 7.1750E+02 8.2280E+02 1.0097E+03 1.2159E+03 1.3039E+03 1.2314E+03 1.2916E+03 1.3526E+03 1.4726E+03 1.4783E+03 1.4411E+03 1.5834E+03 1.4359E+03 1.4204E+03 1.4952E+03 6.7110E+02 3.8660E+02 4.6100E+01 -2.5700E+01 -5.7000E+01 -6.2100E+01 -4.7400E+01 -3.4600E+01
0.0000E+00 0.0000E+00 0.0000E+00 0.0000E+00 0.0000E+00 0.0000E+00 0.0000E+00 0.0000E+00 0.0000E+00 0.0000E+00 1.1000E+00 8.6000E+00 3.8000E+00 2.1900E+01 5.3500E+01 9.2500E+01 1.1190E+02 1.7270E+02 2.6450E+02 3.1280E+02 4.7220E+02 7.1720E+02 8.9380E+02 7.4860E+02 7.4640E+02 4.6030E+02 4.2940E+02 5.4070E+02 5.4200E+02 4.5670E+02 4.4230E+02 5.0880E+02 6.2400E+02 6.9130E+02 7.5730E+02 9.0850E+02 1.1073E+03 1.2397E+03 1.1993E+03 1.3696E+03 1.6791E+03 1.5002E+03 1.5497E+03 1.5688E+03 1.1620E+03 1.2539E+03 1.0727E+03 1.2077E+03 8.0100E+02 2.3990E+02 1.7500E+01 -2.9200E+01 -4.1600E+01 -4.6000E+01 -3.0700E+01 3.3200E+01 9.5400E+01
0.0000E+00 0.0000E+00 0.0000E+00 3.1000E+00 0.0000E+00 0.0000E+00 0.0000E+00 0.0000E+00 1.0000E-01 1.4000E+00 4.8000E+00 1.6000E+00 4.4000E+00 6.2000E+00 1.7800E+01 5.0500E+01 1.2560E+02 2.3640E+02 3.4100E+02 4.7190E+02 6.6050E+02 8.0750E+02 1.0821E+03 6.8280E+02 4.2380E+02 4.2530E+02 4.6600E+02 4.9200E+02 4.7990E+02 4.8190E+02 4.7730E+02 5.1000E+02 6.5270E+02 6.2790E+02 6.1770E+02 8.3180E+02 1.0787E+03 9.8310E+02 1.3051E+03 1.5122E+03 1.5023E+03 1.4230E+03 1.7482E+03 1.4155E+03 1.0536E+03 1.2878E+03 8.4760E+02 6.1830E+02 3.0000E+02 1.0860E+02 -1.0900E+01 -2.4900E+01 -3.7300E+01 -2.4000E+01 6.6100E+01 2.0930E+02 3.0240E+02
3.8000E+00 2.2900E+01 1.4840E+02 4.7000E+01 2.0000E-01 1.0000E-01 0.0000E+00 1.0000E-01 8.0000E-01 3.1000E+00 7.0000E+00 3.5000E+00 1.0900E+01 2.2100E+01 2.4300E+01 6.6200E+01 1.8890E+02 3.7150E+02 4.7770E+02 8.7300E+02 1.2270E+03 1.0162E+03 8.7980E+02 5.4000E+02 4.4630E+02 4.6670E+02 4.7940E+02 4.8980E+02 4.6880E+02 4.9040E+02 4.9170E+02 4.8830E+02 4.9900E+02 5.0680E+02 6.9680E+02 7.8190E+02 8.1730E+02 1.0747E+03 1.2985E+03 1.5326E+03 1.4094E+03 1.6358E+03 1.7795E+03 1.0602E+03 9.0150E+02 8.7730E+02 4.1120E+02 3.0910E+02 1.9940E+02 4.9900E+01 -5.2000E+00 -2.0100E+01 -2.9400E+01 2.7600E+01 2.0690E+02 3.8440E+02 4.6590E+02
5.4400E+01 2.8110E+02 1.7070E+02 2.3900E+01 9.0000E-01 9.0000E-01 3.3000E+00 1.0000E+00 1.0000E+00 2.5000E+00 1.3100E+01 1.6900E+01 2.6700E+01 4.0600E+01 6.2900E+01 1.5630E+02 2.8310E+02 3.4750E+02 5.1800E+02 8.0610E+02 1.0150E+03 5.9590E+02 4.3720E+02 5.2000E+02 5.7650E+02 6.0980E+02 5.1650E+02 4.6000E+02 4.5600E+02 4.8640E+02 5.4470E+02 5.0040E+02 4.6570E+02 5.0200E+02 5.6650E+02 5.9480E+02 6.9710E+02 8.8310E+02 1.3533E+03 1.5822E+03 1.6932E+03 1.8294E+03 1.1272E+03 6.4720E+02 6.6840E+02 6.3680E+02 2.4940E+02 1.2530E+02 1.0990E+02 2.2800E+01 2.0000E+00 -1.3500E+01 1.5500E+01 1.5230E+02 3.1570E+02 4.9050E+02 5.7200E+02
3.3000E+00 6.8300E+01 3.6800E+01 1.8300E+01 4.0000E+00 1.4600E+01 2.3900E+01 5.2000E+00 1.4000E+00 7.8000E+00 1.7400E+01 2.9400E+01 3.5700E+01 5.8200E+01 1.1450E+02 1.9630E+02 2.9990E+02 4.7910E+02 8.0010E+02 9.0200E+02 6.7460E+02 3.6250E+02 4.1010E+02 6.3530E+02 6.6710E+02 6.6750E+02 5.2580E+02 4.5510E+02 4.4600E+02 5.3110E+02 6.7120E+02 6.0480E+02 4.7800E+02 4.7710E+02 5.1480E+02 5.7130E+02 7.1820E+02 1.2329E+03 1.6386E+03 1.8964E+03 2.2850E+03 1.6908E+03 9.0270E+02 3.5670E+02 4.5760E+02 3.1450E+02 9.1100E+01 5.9400E+01 4.1800E+01 2.0300E+01 4.6000E+00 1.6600E+01 9.6300E+01 2.5860E+02 5.2400E+02 7.2040E+02 8.4950E+02
0.0000E+00 2.5600E+01 2.6800E+01 1.7000E+01 1.9900E+01 2.8800E+01 2.4400E+01 5.1000E+00 1.0000E+00 8.3000E+00 2.3400E+01 3.6300E+01 4.6900E+01 8.1000E+01 1.5430E+02 2.2100E+02 3.4760E+02 5.7080E+02 7.4990E+02 5.0970E+02 3.5460E+02 3.2390E+02 4.1270E+02 5.0370E+02 5.7130E+02 5.9640E+02 5.4030E+02 4.6380E+02 4.7300E+02 4.8300E+02 5.3990E+02 6.0860E+02 4.6320E+02 4.7760E+02 6.7830E+02 7.1850E+02 9.6650E+02 1.4007E+03 1.7447E+03 2.4878E+03 2.6669E+03 1.9288E+03 8.5120E+02 2.0610E+02 2.0040E+02 9.5400E+01 9.1700E+01 6.5900E+01 4.0400E+01 3.4500E+01 1.0730E+02 1.0920E+02 1.8280E+02 4.6620E+02 7.6200E+02 9.1660E+02 9.6720E+02
5.3000E+00 3.3900E+01 2.1600E+01 1.9300E+01 2.7500E+01 2.2000E+01 2.4400E+01 8.9000E+00 9.0000E+00 1.3800E+01 4.1900E+01 5.6700E+01 6.6000E+01 8.5500E+01 9.9800E+01 1.4310E+02 1.8200E+02 4.0070E+02 3.8160E+02 2.7350E+02 2.5510E+02 3.6840E+02 4.0670E+02 4.2750E+02 4.6400E+02 5.0290E+02 4.8580E+02 4.5930E+02 4.9010E+02 5.1760E+02 4.8150E+02 5.0030E+02 4.8710E+02 7.1980E+02 9.4800E+02 1.0608E+03 1.2348E+03 1.4867E+03 2.0807E+03 2.2353E+03 2.2297E+03 1.4841E+03 6.5610E+02 1.4280E+02 1.1670E+02 1.0430E+02 8.1300E+01 7.2600E+01 1.1840E+02 2.0530E+02 3.3330E+02 2.9930E+02 5.9600E+02 8.8420E+02 1.0482E+03 1.1398E+03 1.1152E+03
2.5900E+01 3.0300E+01 2.4600E+01 3.9300E+01 2.8800E+01 2.2900E+01 2.6900E+01 2.5200E+01 2.6000E+01 3.7700E+01 8.1500E+01 1.0260E+02 9.8400E+01 1.1920E+02 2.0330E+02 2.6250E+02 3.0290E+02 2.4040E+02 1.8200E+02 1.8700E+02 2.3790E+02 2.6990E+02 2.8440E+02 3.4480E+02 4.3640E+02 4.9490E+02 4.7870E+02 4.6860E+02 5.3790E+02 5.3280E+02 4.7160E+02 5.2110E+02 6.1620E+02 6.9720E+02 7.7730E+02 1.0802E+03 1.1756E+03 1.0889E+03 1.4528E+03 1.3193E+03 1.0275E+03 8.1870E+02 3.1720E+02 1.6680E+02 1.5480E+02 2.3900E+02 2.0830E+02 2.4660E+02 2.4160E+02 3.3540E+02 4.5020E+02 7.2050E+02 8.2120E+02 1.1669E+03 1.2254E+03 1.1270E+03 9.9980E+02
2.7300E+01 2.9800E+01 4.8000E+01 4.6800E+01 3.1200E+01 3.0000E+01 2.9500E+01 3.1300E+01 3.7800E+01 6.7700E+01 1.3700E+02 1.5950E+02 2.1600E+02 2.4540E+02 3.2700E+02 3.8180E+02 3.0560E+02 2.2100E+02 1.7670E+02 1.8150E+02 2.3460E+02 2.6700E+02 2.4230E+02 2.7060E+02 3.7520E+02 4.7700E+02 4.8280E+02 4.8830E+02 5.0790E+02 5.2670E+02 5.1570E+02 6.1430E+02 7.4540E+02 7.8410E+02 7.6310E+02 7.4760E+02 7.1440E+02 5.9200E+02 5.6220E+02 5.7680E+02 4.0090E+02 3.1590E+02 2.4440E+02 2.1210E+02 2.1890E+02 3.1410E+02 3.6640E+02 3.3440E+02 4.2480E+02 4.8630E+02 7.4870E+02 9.6920E+02 1.2511E+03 1.4211E+03 1.1888E+03 1.2544E+03 1.1303E+03
1.7800E+01 4.8500E+01 4.7100E+01 4.6100E+01 4.4800E+01 3.9200E+01 3.5600E+01 4.1600E+01 6.1900E+01 1.9070E+02 2.2010E+02 2.1670E+02 1.9870E+02 2.5360E+02 3.1900E+02 3.1500E+02 2.1400E+02 1.8360E+02 1.8990E+02 1.9390E+02 1.9750E+02 2.4450E+02 2.4560E+02 2.5000E+02 2.9900E+02 4.2450E+02 6.1220E+02 6.0880E+02 6.2370E+02 6.3660E+02 6.5760E+02 7.0360E+02 7.6320E+02 8.2480E+02 8.8170E+02 8.1920E+02 7.1810E+02 7.2690E+02 6.5860E+02 5.5280E+02 5.6740E+02 4.7000E+02 3.1750E+02 2.7750E+02 2.8450E+02 3.6560E+02 4.5580E+02 6.5080E+02 7.9880E+02 1.0031E+03 1.0148E+03 1.3303E+03 1.3778E+03 1.1030E+03 1.0750E+03 1.0246E+03 8.5700E+02
4.0300E+01 3.9700E+01 4.7800E+01 6.2000E+01 7.3900E+01 7.2200E+01 7.0800E+01 8.5800E+01 7.2700E+01 1.6430E+02 1.0170E+02 1.2570E+02 1.6800E+02 1.9590E+02 3.0640E+02 2.8440E+02 2.1630E+02 2.2150E+02 2.2380E+02 2.2790E+02 2.2570E+02 2.3720E+02 2.8310E+02 2.5590E+02 2.6280E+02 4.1260E+02 5.7080E+02 6.4250E+02 6.1000E+02 5.5580E+02 6.5820E+02 7.3950E+02 8.9520E+02 9.8020E+02 1.0823E+03 1.0526E+03 1.0659E+03 1.1624E+03 1.1849E+03 1.1372E+03 7.9290E+02 5.9750E+02 4.2030E+02 3.5580E+02 4.9370E+02 6.5150E+02 7.5800E+02 1.0010E+03 1.0801E+03 1.2826E+03 1.4817E+03 1.4202E+03 1.3593E+03 1.2386E+03 1.2290E+03 1.0195E+03 8.0230E+02
8.1900E+01 4.7600E+01 6.3700E+01 9.4800E+01 1.1250E+02 1.2390E+02 1.2860E+02 1.1040E+02 7.9100E+01 8.0600E+01 9.4600E+01 1.1710E+02 2.2680E+02 2.6460E+02 2.5150E+02 2.5860E+02 2.6420E+02 2.7630E+02 2.6950E+02 2.6450E+02 2.6820E+02 3.0960E+02 3.5940E+02 3.1930E+02 2.8190E+02 3.4940E+02 4.3070E+02 4.4200E+02 4.7890E+02 5.9740E+02 6.5920E+02 7.7330E+02 1.0218E+03 1.2977E+03 1.4187E+03 1.4863E+03 1.7113E+03 1.5890E+03 1.6271E+03 1.1597E+03 8.6250E+02 7.0680E+02 6.2480E+02 6.2930E+02 8.6430E+02 9.0620E+02 1.0736E+03 1.2772E+03 1.4634E+03 1.5060E+03 1.4191E+03 1.3194E+03 1.4033E+03 1.3443E+03 1.2298E+03 1.1080E+03 9.7970E+02
2.3510E+02 2.0170E+02 1.3460E+02 1.4360E+02 1.4490E+02 1.8380E+02 1.6010E+02 1.2550E+02 9.9300E+01 8.7300E+01 1.1020E+02 1.2920E+02 1.7010E+02 2.4740E+02 3.0650E+02 3.0710E+02 3.3370E+02 3.4870E+02 3.2830E+02 3.1600E+02 3.2160E+02 3.3020E+02 3.4800E+02 3.4500E+02 3.2800E+02 2.9970E+02 3.1740E+02 3.5700E+02 4.1750E+02 5.0850E+02 7.4870E+02 8.6360E+02 1.0994E+03 1.6102E+03 2.1728E+03 2.2527E+03 2.2329E+03 1.9351E+03 1.4392E+03 1.2488E+03 1.0943E+03 9.2040E+02 8.3060E+02 8.2300E+02 1.0616E+03 1.1242E+03 1.3898E+03 1.5240E+03 1.4460E+03 1.3233E+03 1.3115E+03 1.2923E+03 1.3633E+03 1.3615E+03 1.1754E+03 1.1571E+03 1.0330E+03
2.5370E+02 2.3660E+02 2.7400E+02 2.0010E+02 1.7940E+02 2.3990E+02 2.2860E+02 1.9340E+02 1.4850E+02 1.3080E+02 1.4750E+02 1.6310E+02 2.0120E+02 2.7060E+02 3.5750E+02 4.0820E+02 4.5000E+02 4.4850E+02 4.2220E+02 3.9330E+02 3.8560E+02 3.8990E+02 4.1300E+02 3.9730E+02 3.7180E+02 3.2990E+02 3.2430E+02 3.5250E+02 4.0970E+02 5.1700E+02 7.8080E+02 1.0835E+03 1.3653E+03 1.7880E+03 2.0538E+03 2.5927E+03 2.9829E+03 2.4817E+03 2.0796E+03 1.5864E+03 1.4929E+03 1.2308E+03 9.2890E+02 8.8430E+02 1.1216E+03 1.2578E+03 1.2648E+03 1.3639E+03 1.1980E+03 1.1882E+03 1.2587E+03 1.2762E+03 1.4305E+03 1.3650E+03 9.7780E+02 1.0213E+03 1.0499E+03
2.0590E+02 1.9030E+02 1.7330E+02 2.4150E+02 3.0970E+02 3.7850E+02 2.9580E+02 2.9320E+02 3.3990E+02 3.2330E+02 5.1980E+02 4.0600E+02 4.5110E+02 4.8800E+02 6.5410E+02 6.9400E+02 7.5190E+02 6.7500E+02 6.1890E+02 5.7210E+02 5.1960E+02 4.6930E+02 5.0310E+02 4.6240E+02 4.1510E+02 3.9340E+02 3.6720E+02 4.7140E+02 6.8880E+02 8.1510E+02 9.5850E+02 1.1279E+03 1.6607E+03 2.2802E+03 2.7826E+03 2.7667E+03 2.7890E+03 2.5724E+03 2.2431E+03 1.9093E+03 1.8036E+03 1.5373E+03 1.2468E+03 1.1813E+03 1.0997E+03 1.0595E+03 1.0776E+03 1.0715E+03 9.9370E+02 1.0205E+03 1.1521E+03 9.7790E+02 1.0943E+03 1.1110E+03 7.8120E+02 9.0930E+02 7.3230E+02
2.3250E+02 2.3260E+02 3.6080E+02 6.1880E+02 4.3010E+02 4.3760E+02 5.5640E+02 8.2380E+02 1.1347E+03 8.7370E+02 1.0539E+03 7.3880E+02 6.6650E+02 7.7450E+02 8.2100E+02 8.9260E+02 1.3054E+03 1.2495E+03 1.3233E+03 1.2772E+03 1.0507E+03 9.7270E+02 6.2860E+02 5.3780E+02 4.8550E+02 5.0710E+02 6.1690E+02 8.5320E+02 9.6150E+02 1.1101E+03 1.4174E+03 1.4093E+03 1.3938E+03 1.6587E+03 1.9280E+03 2.0516E+03 2.1332E+03 2.2762E+03 2.4971E+03 2.4078E+03 1.9510E+03 1.6179E+03 1.4643E+03 1.2837E+03 1.2116E+03 1.1165E+03 9.9680E+02 8.9690E+02 8.0630E+02 7.6090E+02 7.9110E+02 7.5880E+02 7.3720E+02 6.4930E+02 6.2350E+02 6.2530E+02 5.7050E+02
2.8100E+02 3.1740E+02 4.6180E+02 6.0090E+02 7.7490E+02 7.8120E+02 1.1000E+03 1.4323E+03 1.2253E+03 1.0175E+03 9.9350E+02 8.9850E+02 7.5030E+02 6.4500E+02 7.4080E+02 9.3010E+02 1.2687E+03 1.5936E+03 2.1911E+03 2.0682E+03 1.5202E+03 1.0677E+03 7.9670E+02 6.8390E+02 8.2310E+02 1.0466E+03 1.2570E+03 1.2920E+03 1.3444E+03 1.7145E+03 1.9366E+03 2.1193E+03 1.9618E+03 2.1414E+03 2.0023E+03 2.2151E+03 2.5540E+03 2.6531E+03 2.5476E+03 2.2793E+03 2.0047E+03 1.6725E+03 1.3876E+03 1.2852E+03 1.2194E+03 1.1127E+03 1.0181E+03 9.2530E+02 7.9990E+02 7.3600E+02 7.6480E+02 6.7720E+02 6.4510E+02 5.9740E+02 5.8500E+02 5.4850E+02 5.0670E+02
